mean_x
0       0.521408
3      -0.277700
6      -0.303581
9      -0.048493
12     -0.531658
15     -0.834408
18     -0.392461
21     -0.318826
24      0.480603
27     -0.901775
30     -0.013494
33      0.706806
36      1.280793
39     -0.908577
42     -0.318251
45      1.391996
48     -1.026595
51     -0.372680
54      2.212033
57     -1.065550
60     -1.189001
63      0.022328
66     -0.811295
69      0.856626
72     -0.288341
75     -1.045923
78      1.281202
81      0.776852
84     -0.060884
87      0.026932
90      0.947699
93     -0.039918
96     -0.936881
99     -0.269135
102    -0.489539
105     0.680567
108    -1.051395
111     0.119240
114     1.091407
117    -0.403819
120     0.303658
123     0.332324
126    -0.749011
129     0.609598
132     0.197208
135    -1.415722
138     0.267785
141     1.333963
144     1.112552
147    -0.876749
150    -0.193381
153     0.157831
156    -0.021252
159     0.666755
162     1.196076
165     0.636688
168    -2.158021
171     0.811752
174    -1.463714
177     0.787960
180     1.427401
183    -0.966177
186    -0.452054
189     0.209686
192     0.565739
195    -0.746532
198     1.136646
201    -1.030089
204    -0.148853
207    -0.061907
210    -0.345926
213     0.422492
216    -0.757288
219     0.341279
222     0.418659
225    -0.788609
228     0.838473
231     0.040627
234     1.576616
237    -0.127018
240    -1.526919
243    -0.968856
246     0.155459
249     0.790879
252    -0.975764
255     0.732616
258     0.273010
261    -1.257108
264     0.208293
267     1.458885
270     0.319789
273    -0.422421
276     0.088078
279     2.641614
282    -2.117841
285    -0.603047
288    -0.266651
291     0.133463
294     0.131222
297     0.190598
300    -0.703973
303     0.542561
306    -0.790939
309     0.608644
312     0.225254
315     0.563297
318    -0.249182
321    -0.272170
324    -1.596654
327     1.503140
330     0.392544
333    -0.041928
336     0.069224
339     0.157958
342    -0.475025
345     0.357164
348     0.156341
351     0.684720
354    -0.301248
357    -1.115662
360    -0.629453
363     0.313735
366     0.842365
369    -1.089380
372     0.644680
375    -1.213590
378    -0.064934
381     0.279240
384    -0.156018
387     2.351426
390    -0.372475
393    -2.011735
396    -0.050741
399     1.357438
402    -1.380847
405    -0.907837
408     0.184673
411     0.256447
414    -1.002904
417     0.805144
420    -0.243597
423    -1.279590
426     1.652438
429    -0.346228
432     0.206002
435     0.029243
438     0.282681
441    -0.815663
444    -0.085475
447    -0.835479
450    -0.265120
453     0.206619
456     0.740933
459     1.896342
462    -1.274396
465    -0.552489
468    -0.335258
471     0.520662
474    -0.192641
477    -1.327854
480     1.245562
483     0.161147
486     1.017731
489    -0.839684
492    -0.163408
495    -0.612470
498    -0.451098
501     0.628628
504     1.638014
507    -1.373946
510    -0.393527
513    -0.092527
516    -0.969241
519     1.044528
522     0.747102
525     0.104217
528    -0.804673
531     0.115783
534    -0.070449
537    -0.542641
540     0.811797
543    -0.964259
546    -0.360446
549    -0.244848
552     0.944306
555    -0.641562
558    -1.204947
561    -0.543770
564     1.817365
567     2.158189
570    -0.881298
573    -0.366902
576    -0.436455
579     0.530857
582     0.036144
585    -2.395964
588     1.018201
591     1.195664
594    -2.261637
597    -0.017310
600     1.466417
603    -1.015279
606     0.553839
609     0.086206
612    -1.460708
615     0.319054
618     1.017678
621     0.127391
624    -0.554486
627     0.056960
630    -0.715699
633     0.353224
636     0.348398
639     0.072667
642     0.003389
645    -0.083398
648    -0.223659
651     0.120683
654    -0.024514
657     0.287124
660    -0.073371
663    -0.155271
666    -1.031263
669     0.712915
672     1.323131
675     0.314122
678    -0.201278
681    -0.216564
684    -1.292677
687     1.563444
690    -0.310414
693    -1.066011
696     0.037709
699     0.456921
702     0.613690
705    -1.112972
708     0.538736
711     0.851275
714    -0.288245
717    -0.581800
720     0.802295
723    -0.367160
726    -0.642009
729    -0.850478
732     0.934394
735    -0.096461
738    -1.283039
741     0.035351
744     1.283453
747    -0.623646
750    -0.178563
753     0.810316
756     0.073694
759    -1.038460
762     0.308954
765    -0.162731
768     0.302113
771    -0.145299
774    -0.928478
777     0.393243
780     0.507445
783    -1.008570
786    -0.024772
789     1.029761
792     1.686178
795     0.100419
798    -0.384785
801    -1.484554
804     1.044138
807     0.216273
810    -0.268724
813     0.298035
816     0.141835
819    -0.462052
822     1.199736
825     0.554160
828    -0.948472
831     0.724491
834     0.294046
837    -1.463429
840     0.888020
843     0.602474
846    -0.908334
849     1.155724
852    -0.197953
855     1.087356
858    -1.506620
861     1.127446
864     0.312568
867    -0.347609
870     0.001425
873     1.993449
876    -1.752800
879    -1.324270
882     0.611230
885    -0.112437
888    -0.576994
891     0.402336
894    -0.969399
897     0.540483
900     0.030564
903     0.135730
906    -0.148727
909    -1.042271
912    -0.561129
915     1.526538
918     1.666938
921     0.002726
924    -1.716704
927     0.298915
930    -1.026134
933     0.702008
936    -0.561671
939     0.272675
942     0.336549
945     0.336746
948    -1.241193
951     0.619508
954     0.182845
957    -0.922045
960     0.630856
963    -1.894030
966     1.434033
969     0.621115
972    -0.717911
975     0.295023
978     0.405957
981     1.753367
984    -1.636995
987    -0.098721
990    -0.132003
993     1.242101
996    -0.593609
999    -1.429609
1002    0.864292
1005    0.519509
1008   -2.421839
1011    1.571384
1014    0.858973
1017    0.978084
1020   -0.158240
1023    0.110897
1026    0.116984
1029   -0.052712
1032    0.225425
1035    1.214923
1038   -0.112713
1041   -1.084495
1044   -0.923152
1047    0.527983
1050    1.267214
1053    1.134420
1056   -0.146121
1059   -0.960282
1062    1.204636
1065   -1.244524
1068   -0.011459
1071   -0.676919
1074    0.021394
1077    0.557237
1080   -1.867016
1083    0.732886
1086    1.169724
1089    1.773828
1092   -0.176422
1095   -1.836284
1098   -0.157679
1101   -0.412107
1104    0.587254
1107    1.455799
1110   -0.274941
1113   -0.478086
1116    1.694210
1119   -2.075527
1122    0.381467
1125   -0.276984
1128   -0.581755
1131    0.893089
1134   -0.763482
1137    1.374981
1140   -0.619035
1143    0.114979
1146    0.188494
1149   -0.060375
1152    0.012309
1155   -0.012949
1158    0.017281
1161   -0.032092
1164   -0.225459
1167    0.051622
1170    0.022227

mean_y
1      -0.585970
4       0.458175
7       0.122778
10     -0.093137
13     -0.272210
16      0.279936
19      1.856508
22     -0.701514
25     -0.665805
28     -0.480283
31     -0.782777
34      1.597070
37      0.190187
40     -0.825349
43      0.622369
46      0.397150
49     -0.098208
52     -0.283254
55      1.048052
58     -0.256603
61     -0.847000
64      0.533570
67      0.886369
70     -2.155283
73      1.903644
76     -0.381723
79     -1.506457
82     -0.379205
85      0.672361
88     -0.322771
91     -0.180089
94     -0.302721
97      0.501611
100     2.100335
103    -1.005556
106    -1.066376
109    -3.286835
112     1.874347
115     1.449991
118    -1.096996
121     1.214213
124     0.141800
127    -1.185241
130     0.569712
133     0.750148
136    -0.856179
139     0.459238
142     0.439186
145     0.435785
148    -0.149175
151    -0.245356
154     0.308989
157     0.454566
160    -1.126823
163     0.171184
166     0.540912
169    -0.451022
172     1.050346
175    -0.536430
178    -0.651968
181     0.897366
184    -0.658484
187    -0.256214
190     1.111548
193    -0.924983
196    -0.187552
199     1.105403
202    -1.437171
205     0.273898
208    -1.422395
211     1.923005
214    -0.494453
217     1.523452
220     0.327804
223    -1.886049
226     0.855351
229    -0.116670
232    -1.191908
235     0.307999
238    -0.701923
241     0.389977
244    -0.242030
247     1.075324
250    -0.841984
253     2.180125
256    -0.417280
259    -1.744436
262     0.553741
265    -0.274808
268    -0.195258
271     0.744211
274    -0.004478
277    -0.761097
280     0.555571
283    -0.607296
286    -0.008710
289     0.614118
292    -0.283693
295    -0.226243
298     0.689115
301    -0.655996
304     0.191431
307     1.070830
310    -0.027240
313    -1.069378
316     0.808056
319    -0.531063
322    -0.239023
325    -0.487900
328     0.063319
331     0.363915
334     1.530300
337    -0.720550
340    -0.701358
343     0.358117
346     0.905875
349    -1.194297
352     0.765998
355     0.659501
358    -1.386114
361    -1.080747
364     0.738040
367     0.560038
370     0.808768
373     0.085957
376    -0.766970
379     1.204473
382    -0.416730
385    -0.726869
388     1.902754
391    -1.005882
394    -0.904296
397     2.785382
400    -1.282226
403    -1.769485
406     0.418341
409    -1.227845
412     0.714488
415    -1.017413
418    -0.391093
421     0.004117
424    -1.516269
427     0.888216
430     0.704636
433    -1.820341
436     1.284216
439     0.522721
442     1.583272
445    -0.651794
448    -0.233558
451     1.296711
454    -0.309918
457    -0.499894
460     1.125588
463    -0.591011
466    -0.589456
469     0.640828
472    -1.551163
475     0.821556
478     0.763566
481     0.675599
484    -1.388990
487     0.557197
490    -0.378541
493    -0.164419
496    -0.687344
499     0.679663
502    -0.340992
505     0.604975
508    -0.940906
511     0.148608
514     1.069403
517    -0.858250
520    -0.267005
523     0.431360
526     0.476229
529    -0.987818
532     0.877465
535    -0.866447
538     0.341258
541     1.423377
544    -1.491516
547    -0.096736
550    -1.037464
553     0.196955
556     0.834392
559     1.286642
562    -1.588145
565     0.256184
568     0.458445
571     0.538936
574    -0.527878
577     0.435359
580    -0.004442
583    -0.264456
586     0.873583
589    -0.879179
592     0.050078
595    -1.886046
598     0.091537
601     0.989417
604    -1.046057
607     0.540845
610     0.209427
613    -0.064980
616     1.452636
619    -0.713235
622     0.780763
625    -0.018698
628    -0.510420
631    -0.426685
634    -0.533583
637     0.998500
640     0.311204
643    -0.714973
646     0.431559
649     0.663649
652     0.784628
655    -1.495300
658    -0.774271
661     1.928607
664    -1.192878
667    -0.311860
670     0.899660
673    -0.308973
676     1.631171
679    -1.278072
682    -0.025691
685     2.148474
688    -0.698506
691    -1.402402
694     0.353060
697    -0.209600
700     0.022149
703    -0.478299
706     0.441098
709     0.005663
712     0.723925
715     0.078107
718    -0.860064
721     1.926358
724    -1.466753
727    -1.344612
730    -1.320222
733     0.494289
736     0.892905
739     0.455578
742    -0.680622
745     0.225357
748     1.565306
751    -0.905972
754    -0.646421
757     1.129340
760    -0.612803
763    -0.077528
766     1.059535
769    -2.123137
772     1.074513
775     1.770910
778    -1.650530
781    -0.161445
784    -0.227315
787     1.642483
790    -1.353796
793     0.344996
796    -0.916821
799    -0.121605
802    -0.889684
805     0.345048
808     0.801994
811    -0.154402
814     0.334790
817    -0.007446
820     0.890988
823     0.041597
826    -0.794636
829    -0.551667
832     0.318698
835     0.512180
838    -0.480786
841    -0.303611
844     0.800499
847     0.109848
850    -0.594087
853     0.480034
856    -0.148981
859     1.101386
862    -0.062972
865    -0.685891
868    -0.155542
871     0.779613
874     0.435350
877    -0.015924
880    -0.068890
883     0.602808
886    -0.311098
889    -0.325696
892     0.634608
895    -0.348901
898    -0.302939
901    -0.526486
904     0.632983
907    -0.089165
910     1.048033
913    -0.706293
916     0.039941
919     0.624386
922    -0.835188
925    -0.080925
928    -1.516030
931     1.356481
934     0.136493
937     0.619485
940    -1.584655
943     0.818076
946     2.206020
949    -0.872768
952    -1.378864
955    -0.634264
958    -0.363182
961     1.130310
964     0.700110
967     0.104777
970    -0.880300
973     0.829734
976    -1.489853
979     0.624415
982     1.580196
985    -0.098806
988    -1.416370
991     0.746105
994    -0.596133
997    -0.490586
1000   -0.045749
1003    0.740893
1006   -0.786493
1009   -0.616076
1012    1.031763
1015   -0.448540
1018   -1.528154
1021   -0.081124
1024    0.100391
1027    0.844131
1030   -0.308637
1033    0.024733
1036    0.327774
1039    0.177551
1042   -0.170485
1045   -0.831330
1048    0.511719
1051    0.613492
1054    2.001494
1057   -0.561569
1060   -1.511971
1063    1.270170
1066   -0.912552
1069   -0.398640
1072    1.163419
1075   -1.210224
1078    0.076608
1081   -0.535584
1084   -0.152854
1087    0.421376
1090   -1.128344
1093    0.078387
1096    0.661874
1099    0.383461
1102    0.761415
1105   -1.145683
1108   -0.661488
1111    0.284484
1114    0.237689
1117    2.610985
1120   -1.190384
1123   -1.464131
1126   -0.555790
1129    0.330754
1132    0.247169
1135    1.095376
1138   -0.117347
1141   -0.918216
1144    1.510352
1147   -0.899421
1150   -0.520036
1153   -0.075206
1156    0.010747
1159    0.038647
1162    0.001732
1165   -0.013171
1168    0.003557
1171   -0.045639

mean_z
2       2.139191
5      -0.965776
8      -1.182017
11     -1.225069
14      0.495842
17     -0.138931
20     -0.908783
23      0.117540
26      0.857457
29      0.547581
32      0.080751
35     -0.079924
38      2.020842
41     -0.670583
44     -1.339179
47     -0.828022
50     -0.092612
53      0.771228
56      0.936009
59     -0.274618
62     -0.733661
65     -2.595258
68      1.912820
71      0.493267
74      0.325236
77     -0.075765
80     -0.215971
83     -0.991247
86      0.279283
89      0.524161
92      0.446005
95      1.068601
98     -1.539883
101    -0.966103
104     0.069705
107     0.578004
110     0.393161
113    -0.154842
116     0.149988
119     0.039574
122     0.136600
125    -0.227297
128     0.175917
131    -0.204859
134    -0.309644
137    -0.059474
140    -0.472003
143     0.594895
146     0.743597
149    -0.529483
152    -0.243315
155     1.797010
158    -1.265445
161     0.142667
164     0.583099
167     1.593770
170    -0.652046
173    -1.751032
176     1.471172
179     0.149018
182    -0.306947
185    -0.361598
188     0.631564
191    -1.830594
194     0.917674
197     0.942984
200    -1.401535
203     0.336925
206     0.779757
209    -0.160544
212     0.117930
215     0.026943
218    -1.670071
221     1.133932
224     0.433176
227     1.754947
230    -0.286706
233     0.193046
236     1.102211
239    -0.984941
242    -0.107095
245    -0.009458
248    -0.037744
251     0.078914
254     0.855162
257    -1.021645
260     0.203207
263     0.220442
266     0.765610
269    -0.294548
272    -0.084005
275    -0.319198
278     0.410874
281    -1.117070
284    -0.297840
287     1.099178
290     1.138580
293    -0.243156
296    -0.863925
299     1.141072
302    -0.324796
305    -0.729787
308    -0.721971
311     0.547198
314     0.134737
317     1.569445
320    -1.502468
323     0.439528
326     0.834918
329     0.039579
332    -0.560665
335    -0.080281
338    -0.591527
341     0.523067
344    -2.309026
347     1.332513
350     0.857817
353    -0.034568
356     0.384352
359    -0.471952
362     0.767153
365     0.371221
368    -0.637657
371     2.066284
374    -0.738868
377    -1.706745
380    -0.085870
383     0.976385
386    -0.953837
389    -0.375513
392    -0.755169
395     1.139263
398    -1.163222
401     0.812678
404     0.078294
407    -0.519337
410    -0.539062
413     0.440387
416     2.391318
419    -0.287973
422    -1.066994
425     0.566380
428    -0.705600
431     0.163920
434    -2.666441
437     0.642813
440     2.185852
443    -0.689649
446     0.542204
449    -0.214109
452    -1.117292
455     0.409312
458     1.119669
461    -1.477138
464     0.544493
467     0.706729
470     1.379710
473    -0.662351
476    -0.453099
479     0.119683
482    -0.900671
485     0.690554
488    -1.567094
491     0.404665
494     1.120190
497    -1.454868
500    -0.602048
503    -0.800153
506    -1.529795
509     0.964699
512     0.157227
515    -0.458474
518    -0.350407
521     0.827727
524     1.600491
527     0.022914
530    -1.603511
533    -1.469664
536    -0.053357
539     0.373445
542    -1.054691
545     0.133304
548     1.205227
551     1.527243
554    -1.133814
557    -0.415707
560     0.578250
563    -0.133735
566    -0.455091
569     1.267634
572     0.831407
575    -1.910530
578     1.141240
581    -1.129383
584     0.131672
587    -0.278273
590     0.460086
593    -0.460724
596     1.664741
599    -0.728553
602    -0.554892
605     0.040902
608     0.850556
611    -0.711828
614     2.011254
617    -1.078254
620    -1.234789
623    -0.277394
626     0.025109
629    -0.104139
632     1.315594
635     0.063041
638    -1.394658
641     0.409152
644     0.130684
647    -0.685952
650     1.334139
653    -0.857614
656    -0.060829
659    -0.749455
662     0.535048
665     0.570938
668     1.011392
671     0.164264
674    -1.205898
677     0.701995
680    -0.083221
683    -1.163406
686     1.044119
689    -1.435728
692     0.461939
695     1.066252
698    -0.782195
701    -0.425045
704    -0.580673
707    -0.333114
710     0.840197
713    -0.285442
716     0.935758
719    -0.673235
722     0.556306
725    -0.223264
728     0.357582
731    -1.233844
734    -0.572217
737     1.775774
740     1.508458
743    -0.926223
746    -0.612291
749     1.359833
752    -1.513638
755     0.167011
758    -1.729826
761    -0.109190
764     1.231751
767     1.257794
770    -0.613675
773    -0.684002
776     1.132822
779    -0.662636
782    -0.520337
785     0.296506
788     0.346420
791    -0.494538
794     0.938141
797     0.087909
800    -0.257217
803    -0.440428
806    -0.441947
809     0.208728
812     1.162598
815    -0.342624
818    -0.931166
821    -1.159797
824     0.902824
827     1.351043
830    -1.839600
833     0.572563
836     1.409270
839     0.640034
842     0.549150
845    -1.213327
848     0.133517
851    -0.344865
854     0.260646
857    -0.723138
860     1.222462
863    -0.422007
866    -0.084083
869     0.747886
872    -0.651609
875    -0.760071
878    -0.719738
881     0.797279
884     1.584313
887    -1.086860
890    -0.164222
893     0.861269
896    -1.297253
899     0.457356
902     0.465620
905    -0.743221
908     0.298610
911     1.049185
914    -1.141046
917    -0.218650
920    -1.907597
923     1.139939
926     0.512393
929    -1.266289
932     0.626042
935     0.719421
938     1.767198
941    -0.190163
944    -1.576928
947     0.248319
950    -0.038391
953    -0.303200
956     1.379904
959    -0.901934
962    -0.207939
965     0.062689
968     1.325830
971    -1.552216
974     1.792337
977    -1.487664
980    -0.309508
983    -0.244116
986     0.185184
989    -0.227233
992    -0.662010
995    -0.005013
998     0.577594
1001    1.644334
1004    0.072005
1007   -1.699184
1010   -0.699376
1013    0.610330
1016    0.103209
1019    1.024037
1022    0.146602
1025   -0.096671
1028    1.095850
1031   -0.426042
1034    0.042025
1037    0.243276
1040    0.463462
1043   -0.475078
1046   -0.931723
1049    0.397086
1052    0.238148
1055   -0.574346
1058   -0.397592
1061    0.988503
1064   -0.117709
1067   -0.112619
1070    0.233523
1073   -1.320098
1076    1.699940
1079   -0.375318
1082   -0.417707
1085   -0.251765
1088    0.267729
1091   -0.029325
1094    0.566806
1097   -0.044357
1100    0.702286
1103    0.072775
1106   -0.563796
1109    1.483268
1112   -0.127499
1115   -2.424868
1118   -0.540109
1121    0.609103
1124   -0.302836
1127    1.330713
1130    0.600039
1133   -1.709056
1136    2.043876
1139   -0.759500
1142   -1.347058
1145    1.137826
1148   -1.218713
1151   -0.464159
1154    0.217785
1157   -0.054992
1160   -0.057206
1163   -0.074319
1166    0.081764
1169   -0.057092
1172    0.065774

std_x
0        2.772020
3        2.544115
6        2.012314
9        2.437144
12       2.372053
15       2.054137
18       4.507374
21       4.482873
24      10.795409
27       6.544294
30       6.789225
33       2.263079
36       2.802403
39       1.685987
42       1.980798
45       3.238638
48       2.161895
51       2.270267
54       2.463922
57       1.873873
60       1.885967
63       4.467055
66       1.817668
69       2.343645
72       2.503847
75       1.679249
78       1.916741
81       2.915608
84       2.749783
87      11.974377
90       2.967171
93       2.042483
96       1.986503
99       5.388237
102      4.332660
105      3.351737
108      3.421992
111      2.262508
114      2.370304
117      2.919915
120      2.235687
123      2.178884
126      4.509187
129      4.336581
132      1.810395
135      7.979929
138      1.802029
141      2.089140
144      3.043864
147      2.297275
150      2.307385
153      2.770312
156      1.786461
159      1.824940
162      2.573817
165      2.244074
168      1.637557
171      3.224594
174      7.322242
177      3.307927
180      2.567929
183      2.305952
186      1.972419
189      2.630553
192      2.425539
195      1.972344
198      3.789837
201      2.422537
204      2.436644
207      3.061816
210      2.080669
213      2.299793
216      2.591349
219      2.147190
222      1.773489
225      3.489867
228      2.578516
231      7.162914
234      2.655012
237      2.025305
240      1.875560
243      3.134220
246      1.908584
249      1.999039
252      2.734778
255      2.568483
258      2.074791
261     16.350605
264      2.197786
267      2.048001
270      2.530161
273      2.256922
276      1.754567
279      2.745838
282      2.487431
285      2.062290
288      3.434789
291      2.054569
294      2.915523
297      3.821647
300      2.236676
303      2.278105
306      2.667599
309      2.128352
312      1.847785
315      4.144352
318      4.003202
321     12.191966
324      3.058404
327      2.252800
330      2.351288
333      5.003636
336      4.001256
339      2.169037
342      2.379888
345      2.111935
348      2.190384
351      3.162986
354      2.405391
357      1.966468
360      3.315973
363      1.892357
366      2.231190
369      7.610723
372      2.187953
375     16.360288
378      2.958271
381      2.099688
384      1.928781
387      2.447422
390      2.069043
393      1.475430
396      3.467775
399      2.171388
402      3.083457
405      3.054985
408      2.489428
411      2.491778
414     17.017088
417      3.080452
420      2.728415
423      2.691225
426      1.793716
429      2.108569
432      2.793823
435      2.431416
438      1.961385
441      6.144516
444      2.618692
447      4.868580
450      3.823719
453      7.156876
456      1.970021
459      3.164387
462      2.597826
465      2.984186
468      3.614637
471      3.116526
474      4.088776
477      2.915202
480      3.264510
483      1.906102
486      2.673509
489      2.353243
492      1.755446
495      3.212072
498      2.973963
501      2.455335
504      7.910690
507      3.006723
510      3.017880
513      2.955433
516      1.730097
519      2.169765
522      2.590017
525      2.098660
528      1.989512
531     17.357706
534      2.616193
537      2.380722
540      3.056196
543      1.616634
546      2.216242
549      2.844158
552      2.249526
555      2.053397
558      2.831899
561      1.945528
564      1.706526
567      2.378489
570      2.036184
573      2.009951
576      3.997359
579      2.904758
582      2.188801
585      2.793733
588      2.729474
591      1.963409
594      5.771010
597      3.765045
600      4.047232
603      3.231177
606      2.215140
609      2.060963
612      3.043230
615      2.307957
618      1.992682
621      3.401297
624      2.017423
627      5.681955
630      3.206060
633      2.391550
636      1.915569
639      3.256272
642      2.074961
645      3.251519
648      2.965304
651      2.467809
654      2.273884
657      4.692427
660      2.519830
663      2.203476
666      3.224472
669      2.339716
672      2.157112
675      2.899164
678      1.975109
681      2.327969
684      2.813376
687      1.759506
690      2.010300
693      2.983074
696      2.321745
699      2.175778
702      3.323251
705      2.300740
708      1.966556
711      2.908076
714      1.970690
717      2.303698
720      6.052593
723     10.144874
726      4.926065
729      3.389960
732      2.551170
735      1.964638
738      2.876325
741      2.202467
744      2.068103
747      3.010325
750      1.557787
753      2.272687
756      3.391238
759      2.387901
762      1.870427
765      3.635593
768      2.063177
771      2.463831
774      3.189788
777      1.830543
780      2.330679
783      3.392617
786      2.260565
789      1.828718
792      4.411139
795      3.538274
798      9.162823
801      2.550907
804      2.036668
807      2.031670
810      3.207474
813      2.485535
816      2.291835
819      3.012401
822      2.401810
825      1.709366
828      2.459339
831      2.577146
834      1.873807
837      2.948820
840      2.354402
843      1.968002
846      2.857461
849      1.757545
852      2.191875
855      2.988752
858      2.002989
861      1.883123
864      3.254433
867      2.074584
870      2.150842
873      5.373983
876      3.822412
879      2.917538
882      3.468128
885      2.313163
888      2.447976
891      2.749331
894      1.732863
897      2.028983
900      3.149461
903      2.318361
906      2.459675
909      2.596662
912      2.064046
915      1.871525
918      4.569183
921      2.213223
924      2.631678
927      3.080375
930      1.851599
933      2.445197
936      3.084952
939      2.300917
942      2.145511
945      3.358771
948      2.219650
951      2.347247
954      2.966863
957      2.214991
960      2.054367
963      2.472255
966      2.015998
969      1.788245
972      2.913533
975      1.808235
978      2.207665
981      3.480094
984      2.366039
987      2.940435
990      3.612021
993      2.586388
996      3.489050
999      2.906419
1002     1.613012
1005     2.195102
1008     2.199897
1011     1.939757
1014     2.011115
1017     5.857512
1020     5.542427
1023     5.037983
1026     4.202232
1029     1.638188
1032     3.643328
1035     5.104912
1038     2.340463
1041     2.212731
1044     3.376896
1047     2.892132
1050     1.786257
1053     2.744532
1056     2.362894
1059     1.690849
1062     2.968487
1065     1.721792
1068     2.197227
1071     3.154003
1074     2.013267
1077     2.410234
1080     5.116496
1083     2.352755
1086     2.764855
1089     2.349247
1092     2.136809
1095     1.953182
1098     3.013109
1101     2.238113
1104     2.230973
1107     2.642557
1110     2.195283
1113     1.850361
1116     3.018282
1119     1.676277
1122     2.300116
1125     3.630990
1128     2.733594
1131     1.704174
1134     2.948111
1137     1.654395
1140     2.240149
1143     3.060143
1146     1.900178
1149     3.526467
1152     2.130403
1155     1.379757
1158     0.936397
1161     2.270078
1164     6.342740
1167     1.235444
1170     1.210612

std_y
1        2.865443
4        1.892395
7        2.412866
10       2.929696
13       2.320926
16       2.110978
19       4.056772
22       3.597709
25       5.633257
28       5.134225
31       3.154181
34       2.271047
37       2.551872
40       2.589654
43       2.041486
46       3.232868
49       1.866348
52       2.824137
55       2.921798
58       2.433926
61       2.029525
64       6.183044
67       1.938015
70       1.870664
73       2.515831
76       2.033453
79       1.669365
82       3.067792
85       2.374912
88       7.344233
91       3.220763
94       2.440262
97       2.141191
100      7.431204
103      2.940996
106      3.415238
109      2.249246
112      1.910786
115      2.315172
118      3.188461
121      2.131860
124      2.308891
127      4.437266
130      7.044368
133      2.808175
136      2.992944
139      2.260158
142      1.945219
145      3.181140
148      1.903252
151      2.181623
154      2.439117
157      2.211017
160      1.925138
163      3.158325
166      2.176261
169      1.733297
172      3.908779
175      2.693178
178      2.501409
181      2.975978
184      1.871516
187      2.248800
190      3.249647
193      1.804139
196      2.273241
199      3.303114
202      2.173498
205      2.534005
208      2.787197
211      1.515388
214      2.276666
217      2.597817
220      1.531533
223      2.064151
226      3.343369
229      1.930422
232      2.543594
235      2.700537
238      2.446732
241      1.770722
244      2.801932
247      1.892016
250      2.109619
253      2.412055
256      1.954269
259      1.630192
262      5.703525
265      2.523493
268      2.278263
271      3.141674
274      2.148664
277      2.331414
280      2.928410
283      2.253806
286      2.637317
289      3.093732
292      1.972752
295      2.697192
298      3.343215
301      2.438727
304      2.083897
307      3.107297
310      2.369342
313      2.237611
316      6.248495
319      3.321343
322      7.825907
325      2.799587
328      2.079061
331      2.185433
334      5.350437
337      2.633039
340      1.906105
343      3.539229
346      1.954116
349      2.352616
352      2.638383
355      2.135605
358      2.025567
361      2.995795
364      2.834183
367      1.784532
370      3.888192
373      3.090652
376      5.118264
379      2.567250
382      2.236898
385      2.295471
388      2.434223
391      1.895982
394      2.074030
397      2.858194
400      2.521627
403      2.983034
406      2.786349
409      1.872318
412      1.822014
415     27.790923
418      2.458239
421      3.427442
424      2.768630
427      2.020031
430      2.077521
433      2.829808
436      2.443646
439      1.770133
442      6.880355
445      2.867614
448      3.245495
451      3.587199
454      2.803070
457      1.934894
460      3.322131
463      2.470406
466      2.293813
469      3.782157
472      2.136024
475      2.962719
478      3.232907
481      2.768207
484      2.627245
487      2.885249
490      1.864025
493      2.380898
496      3.366397
499      2.267055
502      2.619175
505      4.062592
508      2.337046
511      3.371268
514      2.776786
517      2.287556
520      1.773926
523      3.121875
526      2.461847
529      2.007563
532     27.636328
535      2.700810
538      2.465518
541      3.171723
544      2.707030
547      2.017774
550      2.954825
553      1.713223
556      2.270679
559      2.904940
562      2.169158
565      1.869815
568      2.902158
571      2.262625
574      1.833306
577      3.717569
580      3.619322
583      2.205686
586      3.333821
589      2.227342
592      2.620579
595      6.244119
598      5.125638
601      3.557094
604      2.796457
607      2.190674
610      2.140493
613      2.858152
616      2.148591
619      2.020478
622      3.185324
625      2.050181
628      3.437188
631      2.777403
634      2.131737
637      1.978957
640      3.467671
643      2.736547
646      2.829494
649      2.931321
652      1.887698
655      2.068383
658      3.176310
661      1.605092
664      2.572425
667      2.933475
670      2.333618
673      1.765835
676      2.652850
679      2.345921
682      1.626639
685      2.600537
688      1.739637
691      2.405973
694      3.022246
697      1.900805
700      2.312235
703      2.937283
706      1.995119
709      1.987034
712      2.784737
715      2.264346
718      1.895356
721      5.286486
724      5.471540
727      5.175926
730      2.518187
733      1.879652
736      1.959877
739      2.547532
742      2.228651
745      2.104213
748      2.628211
751      2.192810
754      2.382131
757      3.467037
760      2.386542
763      2.382770
766      2.475274
769      1.863303
772      1.422883
775      2.697123
778      1.474089
781      1.997480
784      3.057316
787      1.998503
790      1.702260
793      6.642098
796      3.488113
799      3.830968
802      2.788761
805      2.083362
808      2.055389
811      3.301633
814      2.939539
817      1.990963
820      2.513434
823      1.797611
826      2.205005
829      3.094689
832      1.675492
835      2.018882
838      2.899152
841      2.208952
844      2.117209
847      3.038445
850      1.936339
853      2.350217
856      3.035113
859      1.978676
862      2.626728
865      3.260872
868      2.475308
871      1.876260
874      6.705724
877      3.901532
880      3.878425
883      3.257802
886      2.528831
889      2.068278
892      3.217572
895      1.603191
898      2.721552
901      3.131909
904      2.068220
907      2.117689
910      2.889843
913      2.097243
916      1.962587
919      4.410963
922      2.488529
925      2.822370
928      2.603362
931      2.294736
934      2.012117
937      2.736573
940      1.759257
943      1.781336
946      2.711375
949      2.506819
952      2.517060
955      3.286614
958      1.792722
961      2.440860
964      3.134038
967      1.877463
970      2.172232
973      2.918032
976      1.553672
979      2.413712
982      3.115917
985      2.302246
988      2.599814
991      4.372697
994      3.374925
997      4.326207
1000     2.773685
1003     2.078565
1006     1.873008
1009     3.009126
1012     1.885594
1015     2.216705
1018     5.729593
1021     5.958093
1024     6.696650
1027     3.772659
1030     2.894951
1033     2.700152
1036     5.286440
1039     2.658882
1042     2.372182
1045     3.477289
1048     2.207745
1051     2.314499
1054     2.263418
1057     1.920760
1060     1.851233
1063     2.739037
1066     1.953369
1069     2.393677
1072     2.597970
1075     1.830470
1078     1.999913
1081     4.866356
1084     3.754624
1087     2.121213
1090     3.033869
1093     1.770622
1096     1.907470
1099     3.062227
1102     1.725791
1105     2.053072
1108     2.642047
1111     2.339526
1114     1.786942
1117     3.029251
1120     1.671551
1123     2.555358
1126     2.676534
1129     2.173066
1132     2.099520
1135     3.217589
1138     2.402522
1141     1.890019
1144     3.055261
1147     2.432647
1150     3.506918
1153     2.729593
1156     1.470479
1159     0.950658
1162     1.434500
1165     5.431700
1168     1.065113
1171     1.122112

std_z
2        2.652904
5        1.753652
8        1.801336
11       3.184820
14       1.996694
17       2.313805
20       3.290311
23       4.329883
26      14.387455
29       5.702516
32       2.215904
35       2.366619
38       2.764668
41       1.674783
44       2.008478
47       2.632161
50       2.415908
53       2.845054
56       3.146228
59       2.191932
62       2.101032
65       3.650624
68       2.027286
71       1.557098
74       3.289153
77       2.498536
80       1.851183
83       4.423545
86       2.778658
89       4.730182
92       2.668185
95       1.769432
98       1.669776
101      6.725553
104      3.432787
107      3.430841
110      2.723886
113      1.734217
116      5.024950
119      2.827987
122      1.858748
125      2.199159
128      3.774059
131      4.314232
134      2.856033
137      4.127642
140      2.424986
143      1.976037
146      3.077510
149      2.008711
152      2.261703
155      3.067603
158      1.910999
161      2.107651
164      2.990659
167      2.140147
170      1.753518
173      3.089505
176      7.370537
179      2.036308
182      3.141175
185      2.153904
188      2.279881
191      2.588316
194      2.034909
197      2.070498
200      3.150720
203      2.340981
206      2.114706
209      2.989730
212      1.863096
215      2.054501
218      3.000417
221      2.478212
224      1.780650
227      3.153584
230      3.302207
233     13.763234
236      3.139340
239      1.807072
242      2.325989
245      2.870616
248      2.347685
251      2.064684
254      2.863702
257      1.777337
260      1.940563
263     31.210247
266      2.006571
269      2.002466
272      3.260913
275      2.105515
278      2.345871
281      2.905960
284      3.251244
287      3.831994
290      3.160061
293      2.373663
296      3.913672
299      5.030723
302      2.698336
305      2.071468
308      2.806289
311      1.836012
314      2.248420
317      3.344590
320      2.914061
323      4.907173
326      3.427663
329      2.398180
332      2.176950
335      5.530420
338      1.887727
341      2.855474
344      2.857144
347      2.072868
350      1.654288
353      3.369099
356      2.051226
359      1.971238
362      2.838118
365      1.980634
368      2.356009
371      7.727504
374      2.038925
377     31.209187
380      3.502992
383      2.088537
386      2.100903
389      3.123924
392      2.332151
395      1.904032
398      3.147117
401      2.518920
404      2.401536
407      3.010124
410      2.009857
413      2.025278
416     31.843349
419      2.212992
422      2.265336
425      2.865674
428      1.846678
431      2.271003
434      2.043197
437      1.707056
440      1.509262
443      3.934612
446      2.898698
449      2.344305
452      3.460649
455     13.744207
458      2.514023
461      2.932471
464      2.479640
467      2.416943
470      3.196230
473      2.403859
476      2.998564
479      2.797177
482      2.427158
485      2.064999
488      2.917897
491      2.121256
494      2.018720
497      3.183509
500      2.522104
503      2.609361
506      4.395469
509      2.421491
512      2.745805
515      3.141715
518      1.983562
521      2.279657
524      3.229868
527      2.254732
530      1.861565
533     31.932620
536      2.168213
539      2.607655
542      2.483628
545      1.749767
548      1.713733
551      2.846507
554      2.110407
557      2.359329
560      2.804900
563      1.918345
566      2.122038
569      2.721330
572      1.846855
575      1.757201
578      3.768171
581      2.704425
584      2.172214
587      3.044239
590      2.119609
593      1.865849
596      6.280430
599      4.945705
602      3.357270
605      2.654643
608      1.769537
611      2.396711
614      2.156968
617      1.879374
620      1.769378
623      3.485203
626      2.581208
629      5.802935
632      2.617345
635      1.908405
638      1.815570
641      2.892671
644      1.913321
647      2.449806
650      3.045118
653      1.966198
656      2.297465
659      4.548496
662      2.023601
665      2.287249
668      2.470089
671      1.972352
674      1.859939
677      2.979083
680      1.872411
683      2.179374
686      2.905539
689      2.026941
692      2.344695
695      2.986201
698      2.334590
701      2.100047
704      2.895641
707      2.054184
710      2.459975
713      3.163960
716      2.135582
719      2.083209
722      6.365018
725     14.388861
728      5.312420
731      2.905377
734      1.915037
737      1.883485
740      3.119514
743      2.100441
746      1.919391
749      2.839541
752      1.943154
755      1.908108
758      3.555807
761      1.961888
764      2.078183
767      2.678365
770      1.722514
773      2.054430
776      2.632780
779      2.294639
782      2.392161
785      3.237971
788      2.038713
791      2.429461
794      4.539105
797      3.549570
800      5.010436
803      2.985650
806      2.269381
809      2.402295
812      2.999638
815      1.752237
818      2.300575
821      2.866853
824      1.615813
827      1.722707
830      2.868526
833      2.025215
836      1.965704
839      3.104629
842      2.121877
845      2.043559
848      3.177942
851      2.451282
854      2.013808
857      3.127147
860      2.036880
863      1.474909
866      2.837418
869      2.015545
872      2.363072
875      6.399004
878      3.981708
881      3.486962
884      2.862032
887      2.039307
890      2.115642
893      2.676412
896      2.230042
899      1.726235
902      3.240306
905      2.060854
908      2.271600
911      3.420957
914      2.250556
917      2.124222
920      3.403277
923      2.377872
926      2.278568
929      3.046537
932      1.967065
935      2.179820
938      2.841267
941      2.034452
944      1.779307
947      2.597137
950      2.332110
953      1.974968
956      2.895842
959      2.054793
962      2.005703
965      2.800219
968      1.680846
971      1.940444
974      2.265416
977      2.007171
980      1.748701
983      3.013038
986      2.113640
989      2.689768
992      9.856835
995      2.901077
998      4.695058
1001     2.831924
1004     2.149747
1007     1.870169
1010     2.732726
1013     1.706005
1016     2.260302
1019     5.800887
1022     5.413163
1025     6.031537
1028     4.246228
1031     2.280703
1034     3.332048
1037     6.038115
1040     2.055608
1043     2.474556
1046     2.427761
1049     2.196902
1052     2.140928
1055     3.267193
1058     2.181368
1061     1.909756
1064     3.083591
1067     2.302242
1070     2.556309
1073     2.724202
1076     1.551934
1079     2.255762
1082     5.267808
1085     3.422180
1088     2.374086
1091     2.723376
1094     2.425750
1097     1.841547
1100     3.216319
1103     2.641647
1106     1.917100
1109     2.874809
1112     1.970550
1115     1.654888
1118     3.000518
1121     2.167039
1124     2.241464
1127     2.818229
1130     1.611852
1133     2.072675
1136     2.265230
1139     2.029523
1142     1.863872
1145     3.342188
1148     2.049261
1151     9.495812
1154     1.857259
1157     1.701705
1160     0.951486
1163     1.214584
1166     6.655824
1169     1.226981
1172     1.292176

max_x
0         7.632115
3         7.351784
6         5.690812
9         9.209897
12        8.465557
15        6.542162
18       52.298827
21      138.526703
24        7.748776
27      116.188862
30       56.866412
33       11.644777
36        8.285461
39        6.359540
42        6.590874
45       13.813807
48        5.119728
51        9.355885
54       18.232695
57        7.100852
60        5.142055
63       45.812830
66        6.962218
69       12.428772
72       14.309976
75       11.342347
78        6.992804
81       22.048238
84       27.513817
87       16.309136
90        8.333888
93        6.339893
96        5.870308
99       62.980403
102     119.271155
105      49.610086
108      91.908029
111       7.436243
114      45.281585
117       7.579062
120       6.657858
123       8.147979
126      19.858279
129     114.095435
132      15.531753
135     349.162311
138       7.026910
141       8.599366
144      10.301527
147       6.846539
150      10.106789
153       7.597611
156       5.773271
159       6.468075
162       7.752556
165      27.001317
168       3.185707
171      27.908640
174     313.725076
177      93.769629
180       9.808019
183       6.586696
186       5.521741
189       8.830780
192       6.805732
195       6.709740
198      48.867464
201      36.026722
204      23.536077
207       7.999424
210       5.989823
213       7.810075
216       6.515147
219      18.082517
222       6.237373
225      50.958690
228      14.608904
231      39.504587
234       8.935911
237       6.082029
240       4.185931
243       9.687396
246      16.864580
249      12.500291
252       9.611583
255       7.350761
258       8.616531
261     750.176309
264       9.811028
267      12.865990
270       7.579524
273       6.632282
276       5.892830
279      17.904514
282      23.593242
285      36.888080
288      16.267588
291       7.520627
294      75.611089
297      55.735181
300      18.155326
303       9.378032
306       9.930506
309       7.218731
312       7.390109
315     104.247589
318     109.182156
321     554.413113
324       8.558937
327      56.364142
330       9.068386
333      36.123393
336       9.510900
339       7.717687
342      15.558717
345       5.964049
348      12.734337
351      29.004254
354      10.370086
357       6.920473
360       9.254859
363      11.545039
366       6.955800
369      32.692145
372      17.604320
375      17.866876
378      10.246669
381      17.995780
384       7.083426
387      24.880467
390       6.416185
393       7.952598
396      43.034634
399      20.098071
402      99.597645
405       7.802897
408      52.768833
411       8.111249
414      31.832214
417      31.888703
420      84.204859
423       7.969868
426       8.746090
429      10.551572
432      26.016639
435      11.436257
438       6.969296
441     143.073601
444      36.490359
447     155.653028
450      94.981786
453     316.873380
456      21.394499
459      20.624395
462      10.098731
465      68.005848
468      35.746482
471      60.583433
474      27.762119
477      13.449915
480      93.166760
483      32.012104
486       9.223292
489       6.504539
492       5.238903
495      45.667472
498      27.120688
501      13.679480
504     283.106371
507      25.022000
510      19.403775
513       8.183124
516       4.693108
519       7.462164
522      11.216541
525      31.443593
528       5.485867
531     768.368298
534      18.325579
537      14.165527
540       8.358582
543       4.842009
546       6.546032
549      12.480756
552       7.716253
555      24.582257
558       7.063322
561      14.341292
564       8.135579
567      11.757438
570       6.647419
573       6.459138
576      46.949593
579      53.658581
582      13.501236
585       8.144456
588      10.705815
591       7.017054
594     102.812796
597     118.974849
600     138.576401
603      13.229160
606       7.465282
609       5.885033
612       8.350410
615      32.938339
618       8.832739
621      12.834874
624       6.500253
627      64.896237
630       8.986296
633       7.692174
636       7.149529
639      32.298377
642      26.420702
645      24.925026
648      10.229359
651       6.547131
654      16.452878
657     102.384198
660      47.448099
663       8.423943
666      11.848260
669      11.031136
672       7.948685
675       7.260874
678       8.597806
681       6.517532
684      13.856400
687       8.373467
690       6.698013
693       7.535523
696       6.053147
699      19.473513
702      10.410251
705       7.000076
708       6.751090
711       8.490209
714       7.043795
717       6.804411
720     149.365684
723     456.663067
726     177.033950
729       8.447449
732      22.009898
735       9.889184
738      19.122935
741       7.067084
744       7.056299
747       7.750079
750       4.665624
753       8.139360
756     103.779091
759      34.347645
762       6.612022
765      12.373437
768      22.533363
771       6.432839
774      28.874008
777       7.132502
780       6.404325
783      31.663737
786      11.306495
789       8.304663
792      40.160019
795      43.169634
798      22.613860
801       6.627350
804       6.374670
807       7.950490
810      10.673847
813      54.957843
816       6.916832
819       8.185782
822       9.406071
825      13.831775
828       7.570658
831       6.842450
834       7.610946
837       7.673040
840      16.444735
843       6.828385
846      12.183402
849       7.962676
852       6.026555
855       8.812126
858       4.672199
861       6.956091
864      12.503793
867       6.997672
870       6.565007
873      83.645428
876      17.691480
879      53.792222
882      69.213154
885      13.156336
888       7.759374
891       7.405380
894       5.562818
897       7.989271
900      41.417129
903      10.753463
906       6.537002
909      18.302129
912      24.587627
915       7.935832
918      54.471696
921      16.802788
924      39.095927
927       9.229195
930       4.609278
933       8.516983
936       6.881471
939       7.307386
942       8.229436
945      12.692929
948      13.002722
951       9.809624
954      13.070000
957       7.534376
960       9.468229
963       7.608735
966       7.447425
969       6.532675
972       8.318948
975       7.451758
978       6.855570
981      42.988791
984       6.952405
987      25.485792
990      58.645549
993      59.011640
996     108.821981
999       7.461883
1002      7.427693
1005      7.363809
1008      7.075908
1011      6.471807
1014      7.022245
1017    140.020781
1020     61.947312
1023     52.653215
1026     76.288662
1029     22.395715
1032     87.193234
1035     54.608498
1038     15.577837
1041     17.789727
1044     12.069106
1047     35.035347
1050      6.730352
1053     44.567881
1056     12.835200
1059      5.356423
1062     11.106212
1065      6.086623
1068      6.538015
1071      8.163662
1074      7.103613
1077      7.200427
1080    120.874770
1083     16.954654
1086     52.205996
1089      7.860495
1092      7.726371
1095      7.011275
1098      9.251635
1101     15.635847
1104      6.720135
1107      7.663591
1110      5.766368
1113      5.682895
1116     20.164836
1119     21.283606
1122      8.141229
1125      9.828961
1128      9.290017
1131      7.388098
1134      7.437057
1137     10.124745
1140     12.328546
1143      9.801331
1146      6.450499
1149     25.610648
1152     34.310257
1155      9.181534
1158     14.824013
1161     13.057032
1164    225.373493
1167      4.697402
1170      4.822669

max_y
1          8.034251
4          6.511190
7         10.011617
10        12.642725
13        12.791533
16         6.614309
19        55.517026
22        93.741529
25       211.077346
28        48.990774
31        25.487766
34        22.561633
37         8.257829
40         6.639848
43         7.386813
46        10.632116
49         6.336062
52        29.610629
55        18.382590
58        16.009308
61         8.042106
64        14.964635
67         7.541624
70         6.250410
73         8.939504
76         9.234484
79         4.514040
82        14.468062
85        23.343081
88       327.077338
91         7.640733
94         6.968500
97         7.831426
100      275.654727
103       76.308226
106       30.541514
109       26.391650
112       12.946765
115       41.279631
118        7.483228
121        7.560128
124        7.087692
127       80.164534
130       85.731975
133       11.677212
136       46.826798
139        7.820458
142        6.772033
145       66.965614
148        5.773508
151        6.556870
154        8.609091
157        7.372930
160        5.024659
163        9.003187
166       30.374005
169        4.581193
172       56.401589
175       19.581125
178       44.514372
181        8.512805
184        7.273725
187        7.037877
190        8.959269
193        5.161148
196        6.403751
199       60.388423
202        9.870605
205       20.336640
208        9.704030
211        7.117864
214        7.306962
217        8.824198
220        6.341700
223        5.429616
226       31.576123
229       33.404925
232       62.918818
235       18.636667
238        7.708421
241        5.398152
244        8.042835
247        7.297725
250        7.041063
253        9.046627
256        6.281594
259        4.741682
262      195.403095
265        6.736839
268        7.202967
271        9.242556
274        6.618325
277        7.693581
280        9.956290
283       12.905570
286        6.597311
289       47.257492
292        7.499548
295       55.189929
298       40.425600
301       47.831970
304        6.938116
307       10.712169
310        8.804185
313        8.461686
316      235.755057
319       64.072991
322       74.479395
325       23.457351
328        9.798904
331       13.240438
334       89.478212
337       18.762300
340        7.156708
343       32.628744
346       12.780728
349        7.668351
352       13.644869
355        9.093875
358        5.300307
361        9.746346
364       10.323892
367        7.106407
370       37.217283
373       11.016805
376       29.385772
379       11.545743
382       28.762185
385        6.134170
388       19.074751
391        6.600588
394        9.113392
397       30.149242
400       24.662055
403       49.791436
406        8.318042
409       10.783426
412        6.989270
415       38.730880
418       16.562440
421       10.430022
424        7.799168
427       16.263926
430        8.635274
433       50.511182
436       21.863788
439        6.935424
442       67.567759
445       22.650192
448       20.947966
451       42.679425
454        8.130604
457        8.931150
460       31.649097
463       19.918621
466       14.184985
469       67.803281
472       12.549895
475       32.376464
478       13.702713
481       91.896143
484        6.447195
487        7.973556
490        6.585345
493        6.709387
496       30.810992
499       14.041559
502       16.193757
505       31.042172
508       25.730782
511       25.107059
514        9.158605
517        8.131925
520        6.326931
523       10.891399
526        8.130066
529        7.439164
532     1274.976068
535        9.367030
538       19.504841
541       24.052967
544        6.357344
547        8.139721
550       17.615513
553        8.610009
556       23.465298
559       15.345781
562       10.257598
565        7.093633
568       14.040395
571        8.955875
574        5.871077
577       38.711613
580      126.289265
583       11.843598
586       18.717039
589       24.112150
592       16.751604
595       80.013986
598      116.871611
601       62.384930
604       10.737962
607        7.317624
610        6.725158
613       15.931105
616       30.587838
619        6.123282
622       17.097472
625        7.453311
628      106.935048
631       36.940790
634        7.219620
637        7.093955
640       18.013652
643        7.885833
646       53.270639
649       18.710589
652        6.667584
655        9.710847
658       35.734247
661       11.239782
664       13.195227
667        9.969970
670       15.232224
673        7.105820
676        8.996259
679        7.684216
682        7.610111
685        9.759707
688       10.774554
691       10.416430
694        8.727996
697        8.779225
700       10.814507
703       15.257378
706        6.925883
709       10.874880
712        7.353265
715        8.671884
718        6.416054
721       42.436885
724       38.583289
727      159.604890
730       10.581273
733        8.957198
736        7.416635
739       23.503023
742        9.000725
745        7.337361
748       13.104552
751        6.402168
754        6.699189
757        8.530143
760        9.427170
763        7.595623
766       23.603882
769       27.577624
772        6.513450
775       46.240924
778        3.849328
781        9.992800
784       22.694491
787       13.112092
790        4.230181
793      242.399583
796       44.108272
799       67.430801
802        8.244686
805        7.952421
808        7.415513
811       11.060061
814       23.727597
817        6.988687
820        7.140921
823        5.269476
826        6.816045
829       22.375904
832        8.722156
835        7.621559
838        7.807050
841        7.256105
844        7.143743
847        8.906714
850        6.571975
853        8.076800
856        7.489942
859        7.427325
862        7.342753
865        8.086603
868        6.755024
871        7.291012
874      142.753755
877       69.991800
880       31.342094
883       14.133296
886       29.057043
889        7.513691
892        7.818346
895        5.421108
898        7.540004
901        8.883136
904        7.262581
907        7.407159
910       24.957675
913        8.954370
916        6.881411
919       18.008592
922       18.493046
925       15.944728
928        7.446342
931        7.699812
934        7.844176
937        9.304091
940        5.388556
943        6.734710
946       14.523984
949       30.646372
952        7.623194
955       14.878216
958        8.710730
961       13.639419
964       11.130359
967        6.040262
970       14.389947
973        9.043499
976        6.031494
979        7.166092
982       21.081934
985       26.242721
988       22.825354
991       27.230361
994       58.578854
997      132.692073
1000      19.614564
1003       6.688106
1006       6.152830
1009       8.106009
1012       9.484749
1015       5.884956
1018      31.946153
1021      50.053431
1024     163.326902
1027      37.953179
1030      20.671792
1033      46.940830
1036      95.167096
1039      20.403988
1042      30.903791
1045      16.813093
1048      19.048506
1051       8.301904
1054       7.549048
1057      19.766879
1060       5.843208
1063       9.308566
1066       6.946753
1069      42.734184
1072       7.567863
1075       5.589633
1078       6.995730
1081      19.742798
1084     125.340392
1087       8.267315
1090       8.820656
1093       6.334663
1096       7.330180
1099       7.991990
1102       7.046611
1105       7.550176
1108       8.337581
1111       8.988825
1114      16.704510
1117      26.311924
1120      19.009556
1123      20.035867
1126       7.910776
1129      23.185429
1132       6.275194
1135      44.093610
1138       6.743581
1141       5.596258
1144      29.585674
1147       9.431550
1150      91.337558
1153      56.017864
1156      10.389864
1159      14.658146
1162      12.039651
1165      81.966169
1168       4.112519
1171       4.844921

max_z
2         11.108018
5          8.023409
8          5.184904
11        10.072407
14         7.813871
17         7.538648
20        32.337920
23       145.221680
26       657.150102
29       101.362974
32        30.868310
35        15.763572
38         8.357842
41         5.734649
44         7.572862
47         8.165584
50        10.499152
53        15.674127
56        57.135687
59        13.529514
62        21.667498
65        41.822075
68        32.089586
71         8.989255
74         9.344651
77         8.328475
80         6.272953
83         8.012857
86        65.437033
89        26.304365
92         7.499211
95         7.962929
98         4.459783
101       70.141682
104      101.488810
107       65.919015
110       17.404947
113        9.477850
116      203.285309
119        8.246788
122        6.370075
125        6.486969
128       62.723400
131      134.379704
134        9.330086
137      124.438190
140        7.675845
143        6.738193
146       14.297367
149        6.622590
152        8.075847
155       12.777740
158        4.298412
161        5.941297
164        8.252964
167        7.369679
170        5.237086
173       24.771748
176      314.079556
179       34.310537
182        8.644457
185        6.271330
188        7.604506
191        6.654792
194        9.831460
197        8.122096
200       48.637610
203       16.889840
206        8.666125
209        7.678571
212        7.133129
215        7.880073
218        8.150432
221       11.557078
224        7.900981
227       32.686049
230        7.082327
233       38.814445
236       21.755202
239        5.709096
242        6.477805
245       12.808793
248        9.405088
251        6.475629
254        8.697080
257        6.128802
260        6.665699
263     1449.016047
266       12.351987
269        6.492193
272        7.707663
275        5.862751
278        6.960596
281        8.952969
284      114.738704
287        9.180651
290       44.065526
293       12.448196
296      157.035022
299       34.842746
302       13.421401
305        6.072119
308        7.055818
311        6.958001
314        7.880767
317       26.367965
320       32.860036
323      188.752587
326       32.827673
329       13.826222
332        7.712552
335       49.058637
338       13.936874
341       14.820935
344       13.763836
347        7.405090
350        8.144721
353       23.072380
356       12.376931
359        7.887078
362       16.465947
365        9.153198
368        7.855292
371       32.283196
374       10.328366
377       16.845256
380       17.787153
383        7.236173
386        7.040094
389       63.204854
392        8.026389
395       26.677663
398       19.232492
401        8.420030
404       47.305735
407       11.512319
410        7.203543
413        6.515753
416     1482.357889
419       20.514973
422       21.719468
425       11.060967
428       14.927633
431        7.941019
434       11.780961
437       15.563491
440        8.143707
443       41.101340
446       65.692475
449       41.321788
452       61.984494
455      635.343098
458       26.297710
461       56.801727
464       13.250334
467       47.637199
470       25.717779
473       13.104863
476       42.146871
479        8.103982
482        7.310115
485        9.433839
488        7.335055
491        7.470934
494        8.564587
497       33.989882
500       28.107423
503        9.807964
506       23.863835
509       38.096123
512       53.853813
515        7.603562
518        7.939160
521        7.022664
524       13.226320
527        7.418814
530        4.869378
533       19.149434
536       23.603480
539       64.023556
542        9.523020
545        6.571858
548        8.577997
551        9.949273
554        8.329741
557        7.947110
560        9.479401
563       14.879183
566        8.324492
569       13.732887
572        6.871913
575        5.164465
578       56.738623
581        9.622012
584       22.792784
587       12.380410
590       22.989124
593        6.290591
596       91.941704
599      151.762213
602       66.791616
605       26.751814
608        8.483071
611        8.865243
614       12.452745
617       11.928530
620        6.117180
623       14.768352
626        8.489114
629      227.550376
632        8.324943
635        6.957195
638        5.709497
641       16.511620
644        7.125255
647       19.288165
650        8.892125
653       12.480467
656       10.852957
659      112.063548
662       19.820503
665       18.005690
668       13.335016
671       16.416045
674        5.024750
677        9.299136
680        6.949624
683        5.599931
686        9.526584
689        7.823286
692       50.222163
695        9.793729
698        7.066200
701        9.558578
704        7.559010
707        6.132736
710        8.624226
713        7.486239
716        8.849551
719        5.091788
722      112.392507
725       46.853533
728      188.963103
731        9.173449
734        7.674276
737        8.284913
740       13.675248
743        7.578919
746        5.443359
749        8.182709
752        5.807676
755       11.056349
758       17.681596
761       13.255523
764        7.047424
767       23.316685
770       26.771316
773        6.186222
776        9.591316
779        7.726374
782        7.497780
785       13.191838
788        8.111728
791       14.969917
794       87.401035
797       50.143802
800      109.936848
803        8.502144
806        7.506043
809        7.752523
812        7.846586
815       12.180515
818        7.269388
821        8.207877
824        5.695865
827        6.341268
830       15.201464
833        6.700133
836        7.534043
839       10.324863
842        7.028371
845        7.309596
848       10.492953
851        7.230699
854        7.546123
857       10.097806
860        7.024367
863        4.801431
866       25.804457
869        7.361254
872        6.225637
875      133.221943
878       83.832000
881       42.603731
884       16.178316
887       14.588122
890        7.748897
893        8.373711
896        6.660761
899       11.869085
902       23.401890
905        5.746658
908        7.650880
911       20.361482
914        6.468435
917        6.256634
920       32.874956
923        8.326673
926       29.140781
929        6.638304
932       15.896781
935        6.121104
938        9.233855
941        7.951113
944        4.542605
947        7.877791
950       14.526106
953       21.262279
956       11.634133
959        6.067571
962        9.324223
965       11.185923
968        8.082336
971       13.280466
974        8.401749
977        7.397807
980        6.941707
983       27.218375
986       14.335895
989       26.520912
992       88.610488
995       56.805708
998      172.519397
1001       9.306691
1004       6.455840
1007       7.070745
1010       6.959413
1013       6.972645
1016       7.273022
1019      68.198994
1022      88.902890
1025     136.236105
1028      80.543445
1031      30.730706
1034      72.033117
1037     142.157192
1040      17.556395
1043      15.581865
1046      16.621866
1049       8.615758
1052       7.598159
1055      17.279660
1058       6.886958
1061       9.554505
1064       8.266094
1067       7.010451
1070       7.484580
1073       7.255782
1076       7.716698
1079       7.941996
1082      65.767640
1085      18.101650
1088       7.835593
1091       8.214315
1094       7.676115
1097       6.244827
1100       8.767369
1103       7.374502
1106       9.130637
1109       8.209418
1112       6.975915
1115       4.322818
1118      29.886537
1121      17.554348
1124      25.115635
1127      18.902030
1130      18.294207
1133       6.008195
1136      17.579802
1139      10.445721
1142       5.478328
1145      12.938828
1148       6.471267
1151     419.935747
1154      45.135713
1157      35.409802
1160      11.445536
1163      11.869523
1166      76.497621
1169       4.282083
1172       5.122730

min_x
0       -15.709613
3        -6.649215
6        -7.633182
9       -10.487110
12      -12.529359
15       -6.875570
18      -29.303510
21      -57.251048
24     -466.816166
27      -66.292115
30     -277.095246
33      -27.533949
36       -7.353185
39       -5.991823
42       -8.420430
45       -8.274562
48      -10.519113
51      -31.790044
54      -18.389342
57      -12.587950
60       -7.131077
63     -110.854017
66       -8.494240
69      -15.744420
72       -8.033687
75       -8.120845
78       -7.013303
81      -15.153384
84      -12.593539
87     -551.302571
90       -6.856579
93       -7.472883
96       -7.311656
99     -116.055937
102     -58.356527
105     -84.647968
108     -17.018082
111      -6.337658
114     -14.051969
117      -7.939523
120      -7.221841
123      -7.566151
126    -102.604005
129     -65.886065
132      -8.009309
135      -8.483962
138      -6.677745
141      -5.924443
144     -33.865078
147      -7.472937
150      -6.348904
153      -7.152650
156      -6.270069
159      -5.584909
162      -7.177411
165     -37.453235
168      -7.700000
171     -16.142752
174     -57.266475
177     -12.130583
180      -6.819896
183      -6.534009
186      -7.931679
189      -7.240608
192      -6.972246
195      -8.197665
198      -8.620140
201     -19.118700
204      -7.189336
207      -7.267036
210     -11.632889
213      -7.252278
216      -8.374976
219      -8.521653
222      -6.288075
225     -32.854328
228     -25.414094
231    -313.837927
234     -19.326717
237      -7.479536
240      -7.947546
243      -8.080057
246      -7.076958
249      -5.294595
252      -8.779170
255     -16.488684
258      -7.392105
261     -14.926235
264      -8.063964
267      -8.299824
270      -8.141652
273      -7.752321
276      -8.526152
279     -17.560789
282     -60.962179
285      -7.308491
288     -43.192379
291      -7.155313
294      -5.978855
297     -72.456676
300     -19.817103
303      -7.885243
306      -7.626509
309      -7.621919
312      -7.615701
315     -40.553641
318    -109.684621
321     -41.905404
324     -41.151539
327      -6.437213
330     -13.203028
333    -170.495113
336    -147.157562
339      -7.581947
342      -7.655986
345     -10.224512
348      -6.432510
351     -11.698761
354      -8.040194
357     -15.935067
360      -8.350490
363      -6.888487
366      -6.546952
369    -313.549309
372     -35.063227
375    -751.810527
378      -8.572941
381     -10.586937
384      -6.963013
387      -8.137525
390      -8.367023
393      -6.970801
396     -48.214968
399     -15.341427
402     -37.344281
405      -7.982251
408      -5.840151
411      -6.891916
414    -772.394793
417     -10.009913
420      -9.153696
423     -11.299846
426     -11.655321
429      -7.863998
432     -16.300003
435     -19.048825
438      -5.666680
441     -56.450188
444     -14.384890
447     -15.940780
450      -9.536666
453      -8.206446
456      -7.286355
459      -7.654417
462     -88.149791
465     -28.244774
468     -18.345104
471     -21.272242
474    -141.407547
477     -25.279776
480     -48.679471
483     -13.416571
486      -7.197218
489      -6.943596
492      -6.905366
495     -11.675291
498     -11.656384
501     -16.366538
504     -99.606627
507     -67.155717
510     -91.127725
513      -7.972756
516      -6.297210
519      -8.944324
522      -7.286121
525      -6.904627
528     -30.444460
531    -161.485494
534     -37.316850
537     -20.829482
540      -8.413127
543      -7.128146
546      -7.086662
549      -8.101460
552      -9.539726
555      -9.082111
558     -11.557162
561      -6.797230
564      -7.345493
567      -6.611682
570      -7.495000
573      -6.482118
576     -36.647944
579     -38.350776
582     -14.908539
585     -32.251720
588     -71.273334
591      -6.604271
594     -88.710439
597     -21.565459
600     -45.415720
603      -7.946365
606      -7.711302
609      -8.928625
612     -22.823938
615      -6.617078
618      -6.788021
621      -9.238241
624      -9.904863
627    -225.820701
630     -28.637380
633      -8.197873
636      -6.175324
639     -14.216985
642      -7.727481
645     -45.965242
648      -7.913851
651      -6.624293
654      -9.843873
657     -67.754297
660     -12.134808
663     -21.314081
666      -8.182673
669      -9.134923
672      -7.943826
675      -7.810802
678      -7.333553
681      -6.504405
684     -12.700315
687      -5.471559
690     -16.369754
693      -8.499960
696      -6.824697
699      -8.036040
702      -7.737961
705      -8.994468
708      -6.625977
711      -8.382095
714      -8.656698
717      -6.864859
720    -108.410877
723     -19.380886
726     -49.577002
729     -11.216720
732      -8.572735
735      -6.860156
738      -8.763882
741      -9.038093
744      -7.751368
747     -16.868694
750      -6.099621
753      -6.392605
756      -8.823481
759      -9.969035
762      -6.246870
765     -64.581922
768      -6.523356
771      -8.002718
774     -29.582249
777      -8.598716
780      -8.208477
783     -21.183485
786      -6.215049
789      -5.051016
792    -140.029684
795     -43.184826
798    -350.446798
801      -9.473663
804      -6.667904
807      -5.754410
810      -9.438089
813      -8.894895
816      -6.643569
819     -15.488056
822      -8.370548
825      -4.629414
828     -14.697601
831      -7.657528
834      -6.146049
837     -10.802139
840      -6.235629
843      -8.022818
846      -9.345273
849      -6.463174
852      -8.210223
855     -12.505297
858      -6.910700
861      -5.652866
864     -21.870449
867      -7.731253
870     -10.231148
873    -118.584069
876    -103.843938
879     -55.300745
882      -7.907282
885     -16.513701
888      -9.065545
891      -8.094654
894      -7.035930
897     -22.074988
900      -7.698991
903      -6.677046
906      -8.434577
909     -16.260618
912      -9.678361
915     -10.761467
918    -138.472644
921     -16.619605
924     -24.359684
927      -7.960925
930     -24.321979
933     -11.866515
936      -9.025236
939     -12.415243
942      -6.577909
945     -10.993067
948     -22.662653
951      -5.973265
954      -8.283835
957     -11.245080
960      -6.481753
963      -7.597184
966      -7.187844
969     -20.449008
972      -8.154030
975      -6.701889
978      -7.441376
981     -41.432969
984     -40.307646
987     -53.243764
990     -36.559483
993     -29.929699
996     -23.459821
999     -11.694792
1002     -6.987061
1005     -7.117984
1008     -9.916391
1011     -6.537448
1014     -6.689325
1017   -117.211439
1020    -89.401758
1023    -55.859001
1026    -35.045041
1029    -11.755948
1032    -27.977143
1035   -128.234854
1038     -7.659307
1041    -21.416705
1044    -31.392791
1047    -51.196640
1050     -6.438805
1053    -14.089674
1056     -7.787109
1059     -7.840410
1062     -8.566115
1065     -7.829081
1068    -36.322575
1071     -9.498796
1074     -7.790361
1077     -8.179623
1080    -68.969560
1083    -24.579823
1086    -15.143256
1089     -6.982061
1092     -6.430113
1095     -8.207548
1098     -7.946093
1101     -7.924208
1104     -6.871912
1107    -17.362232
1110     -7.400586
1113    -22.613281
1116    -37.346045
1119    -15.732367
1122    -26.873127
1125    -19.602660
1128    -19.936312
1131     -4.731016
1134    -15.715798
1137     -4.007510
1140     -6.864454
1143    -43.172665
1146     -9.697657
1149    -60.406661
1152    -51.135025
1155    -38.092564
1158     -6.761736
1161    -93.606643
1164    -66.116283
1167     -4.495882
1170     -5.273574

min_y
1        -12.804623
4         -7.240450
7         -7.536944
10       -18.744636
13        -9.538278
16        -7.552632
19       -23.967147
22       -37.874209
25       -18.895572
28      -103.882329
31       -73.719905
34       -31.074622
37       -13.115928
40        -7.465455
43        -6.663557
46        -9.293161
49        -9.284693
52       -44.620873
55       -34.096363
58       -11.968531
61        -6.804571
64      -239.198102
67       -10.357478
70       -15.351890
73       -15.114326
76        -7.667804
79        -8.206381
82       -20.277250
85       -26.840914
88       -35.950261
91        -8.441870
94        -6.661142
97        -7.246232
100      -92.810908
103      -17.355351
106      -69.971351
109      -10.123930
112       -5.725920
115      -43.727851
118       -7.959040
121       -6.792582
124       -6.172623
127      -25.996377
130     -275.771170
133      -14.972709
136      -18.377827
139       -6.294327
142       -7.252833
145       -9.788836
148       -7.522861
151       -9.436399
154       -8.308845
157       -6.391610
160       -7.239236
163       -7.337715
166      -26.054495
169       -6.059082
172      -56.661340
175      -34.233063
178      -11.003145
181      -19.483577
184       -9.963018
187       -6.853785
190       -7.780775
193       -7.564784
196      -13.013739
199       -8.150730
202      -21.590171
205       -6.939238
208       -8.830144
211       -3.787008
214       -6.764996
217       -6.821281
220       -9.790696
223       -8.765075
226      -14.509230
229       -7.929641
232      -22.862910
235       -7.424101
238       -7.788517
241       -6.173954
244      -12.084032
247       -6.199295
250       -7.344585
253       -6.764121
256      -13.884665
259       -9.286148
262      -39.202879
265      -22.337121
268      -15.835915
271       -7.219893
274       -7.724355
277       -7.567960
280      -20.722813
283      -29.358784
286      -22.496023
289       -7.248836
292       -7.157928
295      -42.407857
298      -56.124895
301      -19.114244
304       -7.490696
307       -8.153527
310      -15.017281
313       -7.601402
316      -23.891129
319      -58.577017
322     -336.139491
325      -12.800371
328      -12.495801
331      -12.153650
334     -156.246032
337       -8.351016
340      -11.193675
343       -7.978341
346       -6.507384
349      -11.319398
352      -26.871756
355       -9.805120
358       -6.801578
361      -13.301979
364       -6.789869
367       -6.107467
370      -40.632776
373      -55.472128
376     -200.375814
379       -6.216799
382       -6.548670
385       -7.106797
388       -8.121362
391       -8.387177
394      -44.529755
397      -15.591387
400      -58.406276
403      -75.006487
406       -7.665091
409       -9.227927
412       -5.588447
415    -1290.486546
418      -20.995020
421      -19.077930
424      -23.964413
427      -11.328959
430       -5.964414
433      -10.417164
436      -10.051109
439       -5.762421
442     -233.930533
445      -25.098212
448      -63.514476
451      -47.009348
454      -73.229086
457       -9.110051
460      -22.387308
463       -9.717121
466      -19.249089
469      -28.430895
472      -27.126112
475      -65.127025
478       -8.285716
481      -17.480914
484      -58.302241
487       -8.302971
490       -6.645110
493       -6.606669
496      -36.130631
499      -30.973660
502      -53.737027
505      -54.525143
508      -35.673424
511      -42.107082
514       -7.737486
517      -14.652130
520       -7.044882
523      -10.982834
526       -6.175152
529       -8.270031
532      -89.100765
535      -48.453031
538      -24.135524
541       -8.722060
544       -7.899810
547       -6.649849
550       -9.286620
553       -6.791936
556      -12.787290
559       -9.633138
562       -7.308913
565      -10.558355
568       -8.798962
571       -7.193503
574       -7.962158
577      -54.525262
580      -22.832422
583      -19.701482
586      -17.524553
589      -14.544529
592      -10.031669
595     -128.187598
598     -134.736818
601      -74.170311
604       -8.220195
607      -16.296845
610      -17.111007
613      -16.434874
616      -16.404619
619       -7.639020
622       -8.634216
625       -7.448524
628      -35.030472
631       -8.563633
634       -7.624873
637       -6.889267
640      -13.203148
643      -29.015277
646      -17.285591
649      -12.302559
652       -9.431279
655      -28.105120
658      -13.698731
661      -18.363545
664      -28.332935
667       -9.431996
670      -12.926711
673       -6.565561
676       -7.491213
679       -8.505799
682       -5.162497
685       -8.166019
688       -6.750618
691      -18.050813
694       -8.715179
697       -6.777294
700       -6.707695
703       -8.123149
706       -5.950719
709      -15.420006
712       -9.241573
715       -7.709530
718       -7.246282
721     -133.043171
724     -216.137044
727      -87.331214
730      -11.068882
733       -7.005489
736       -5.782662
739      -11.030885
742       -9.389668
745       -7.386168
748       -7.642399
751       -8.015499
754      -18.561003
757      -14.270103
760      -31.637398
763       -9.388065
766      -10.905233
769       -8.757216
772       -5.717686
775      -16.738911
778       -7.126493
781       -6.770269
784      -21.757602
787       -6.791539
790       -8.459524
793      -21.595280
796      -35.650291
799      -49.540343
802       -8.477136
805       -6.552862
808       -6.322502
811      -31.333501
814      -26.142792
817       -7.353789
820      -13.884151
823       -6.160142
826       -7.236171
829      -11.362212
832       -7.792267
835       -5.829380
838       -7.849561
841      -20.792369
844       -6.698258
847      -11.997746
850       -7.135162
853       -7.625123
856       -7.702958
859       -6.421886
862       -7.436414
865      -34.100349
868      -13.525890
871       -6.780031
874     -110.566240
877      -73.026333
880      -88.694639
883      -11.558951
886      -15.954209
889      -11.418760
892      -11.702900
895       -6.021466
898      -14.797118
901       -9.283910
904       -5.730663
907       -6.759131
910      -10.959390
913      -14.925659
916       -7.205240
919      -71.641900
922      -24.489613
925      -40.675899
928       -8.012898
931       -8.413458
934       -6.717825
937       -8.195567
940       -9.022995
943       -6.593460
946      -27.306556
949      -45.542545
952      -69.070485
955       -8.734591
958       -9.755448
961       -8.072997
964       -7.116124
967       -5.641980
970       -6.864925
973       -6.700010
976      -14.563378
979       -8.752703
982      -34.352781
985      -11.968351
988      -21.972954
991      -89.768489
994      -51.640325
997      -25.475568
1000     -20.147944
1003     -11.004443
1006     -10.190833
1009     -15.665491
1012      -7.237902
1015      -7.939840
1018    -158.510607
1021    -128.457719
1024     -69.717534
1027     -40.727642
1030      -9.235182
1033     -31.967537
1036    -126.910439
1039     -23.349511
1042     -11.092274
1045     -13.718479
1048     -26.703751
1051      -7.472752
1054     -22.878193
1057     -12.493994
1060     -10.476079
1063      -8.239808
1066      -7.749877
1069     -13.158504
1072     -10.807607
1075      -7.690290
1078      -6.363849
1081     -92.421049
1084     -24.286754
1087     -46.695332
1090      -8.398578
1093      -7.704559
1096      -9.442443
1099      -8.557113
1102      -5.431486
1105      -6.365886
1108     -12.084143
1111      -6.819759
1114      -6.452275
1117     -43.677015
1120     -17.211550
1123     -31.350130
1126     -19.021478
1129     -14.828907
1132      -6.091098
1135     -22.984294
1138     -14.146934
1141      -6.395051
1144      -6.623147
1147     -11.674620
1150     -14.551475
1153     -62.514893
1156     -53.123411
1159      -8.578002
1162     -45.479862
1165    -109.041323
1168      -4.126738
1171      -4.601690

min_z
2         -8.804329
5         -6.125752
8         -8.467587
11        -9.140561
14       -15.770770
17        -8.906531
20       -38.759386
23       -36.227635
26       -98.940979
29      -144.709632
32       -24.450743
35       -25.148796
38        -8.508386
41        -6.729455
44        -8.092935
47       -11.674741
50       -16.898431
53       -77.059786
56       -15.972053
59        -6.547376
62        -7.536707
65       -81.586819
68        -4.162302
71        -7.475965
74       -10.992257
77       -17.754156
80        -6.396473
83       -80.132002
86       -22.288186
89      -186.671724
92        -7.286515
95        -6.302403
98        -7.829925
101     -206.101741
104      -18.922252
107      -50.765395
110      -27.658986
113       -5.861273
116       -7.590368
119       -8.066479
122       -7.401467
125       -7.002172
128      -72.741580
131      -43.332514
134      -34.514203
137      -18.042538
140       -8.620452
143       -6.188367
146       -8.268054
149       -7.002325
152       -7.994669
155       -7.868205
158       -6.837064
161       -6.702198
164       -7.815812
167      -13.123232
170       -7.289318
173      -25.061832
176      -20.356250
179       -8.782329
182       -7.827303
185       -6.149240
188       -5.947569
191       -9.799986
194       -7.355223
197      -20.741477
200      -47.632139
203      -33.975973
206      -13.054950
209      -36.255120
212       -7.657582
215       -7.370684
218      -11.703348
221       -6.799493
224       -5.946204
227      -13.385904
230     -112.086218
233     -629.865951
236       -7.752249
239       -8.356277
242       -7.743927
245       -8.577748
248       -6.712482
251       -9.506547
254       -8.621131
257      -11.359882
260       -6.537206
263      -16.136077
266       -5.523992
269      -10.239794
272       -7.675071
275       -6.641060
278       -7.734119
281      -14.269331
284      -19.094854
287     -114.355010
290      -45.372592
293       -7.410908
296      -25.016155
299     -154.427068
302      -31.493607
305       -9.230719
308       -8.913695
311      -11.283020
314       -7.299481
317      -18.001988
320      -71.159550
323      -22.907197
326      -13.192023
329      -10.478465
332      -14.824069
335     -187.572951
338      -35.842400
341       -7.509101
344      -26.463689
347       -6.218261
350       -5.336961
353      -22.554483
356       -7.187274
359      -12.196594
362      -13.127693
365       -8.183147
368       -9.090960
371     -311.140731
374       -6.719679
377    -1452.699491
380       -8.980492
383       -7.995460
386       -6.882066
389      -12.951113
392       -8.265078
395      -20.129772
398      -30.454527
401      -37.920318
404      -25.342273
407      -18.089434
410      -13.776416
413       -7.898166
416      -26.668917
419      -18.152445
422      -18.386530
425       -8.387826
428       -8.753394
431       -6.364895
434       -9.302314
437       -9.989868
440       -4.388603
443      -41.152253
446      -21.541847
449      -19.323966
452      -65.155286
455       -7.316329
458       -6.281465
461      -29.803095
464      -59.914746
467      -24.698880
470       -9.685465
473      -24.625888
476      -51.745256
479      -11.700194
482      -70.176257
485      -26.270831
488       -8.812578
491       -8.146388
494       -6.695615
497      -31.788325
500      -34.389959
503      -74.319339
506     -109.178681
509      -45.689262
512      -18.556133
515       -7.904560
518       -7.705124
521       -6.320529
524       -7.415501
527       -7.421500
530      -26.860042
533    -1480.802930
536      -22.042925
539      -17.714669
542       -9.343838
545       -5.832427
548       -8.877052
551       -8.004479
554       -7.843122
557      -32.157513
560       -8.938149
563       -6.770059
566       -7.070915
569       -6.662507
572       -4.346598
575       -8.200440
578      -10.561828
581      -56.446142
584       -9.988060
587      -39.587686
590       -8.378847
593       -9.372306
596     -142.355836
599      -33.926840
602      -25.872437
605       -8.535731
608       -6.191340
611       -7.604616
614       -6.182358
617      -27.454278
620       -7.174102
623      -39.610215
626       -8.778124
629       -9.044625
632      -10.379921
635       -6.992138
638       -7.613150
641      -24.075864
644      -12.353593
647      -60.455879
650      -12.593809
653       -5.908808
656      -18.465855
659      -61.863311
662      -29.774581
665      -12.285732
668      -12.754662
671      -12.478662
674       -7.068897
677       -8.148266
680       -8.655242
683       -8.172012
686      -10.817249
689      -10.293858
692      -23.066677
695       -9.191264
698       -8.260697
701       -7.112813
704      -14.282576
707       -7.407693
710       -8.831881
713       -8.055751
716       -7.370454
719       -7.511036
722     -173.235227
725     -657.583813
728      -55.233701
731      -13.687139
734      -13.162643
737       -6.552246
740       -7.584380
743       -6.788676
746      -21.138891
749      -15.595900
752       -8.821663
755      -12.065655
758     -110.002460
761       -7.369829
764       -8.259352
767      -38.117385
770      -14.561795
773      -11.262595
776       -7.988785
779       -7.404987
782       -7.663607
785      -19.744875
788      -25.143290
791      -12.707088
794      -68.408908
797      -50.035868
800     -133.245130
803       -7.495837
806       -8.655536
809       -6.853970
812      -37.390314
815       -6.952391
818       -7.181755
821      -31.589852
824       -6.317017
827       -6.020641
830      -24.744316
833       -6.485638
836       -7.406244
839       -9.194891
842      -13.606803
845       -9.127955
848      -12.871289
851       -7.575025
854       -6.666643
857       -9.701782
860       -5.644848
863       -5.158862
866       -7.641880
869       -7.018927
872       -7.183080
875     -155.324998
878      -92.617383
881      -89.707238
884      -13.729822
887      -27.457899
890       -6.711506
893      -10.230306
896       -8.872362
899       -6.033978
902      -15.938665
905       -6.864818
908       -9.556613
911      -10.760800
914       -9.441934
917       -7.506717
920      -41.952611
923      -31.545236
926      -26.569286
929       -8.307623
932       -7.404819
935       -7.032431
938       -8.225674
941      -10.183180
944       -7.326705
947       -6.656971
950       -9.190339
953       -9.802865
956      -23.139079
959       -6.904669
962       -8.304594
965      -11.023071
968       -4.201842
971       -7.536982
974       -6.325457
977       -7.964855
980       -7.114226
983      -19.718662
986      -12.926542
989      -53.907375
992     -420.692536
995      -52.232515
998      -75.333643
1001     -13.538422
1004      -8.204546
1007      -8.842599
1010      -9.760406
1013      -6.574848
1016      -7.410756
1019    -134.779177
1022     -39.935749
1025     -78.941524
1028     -32.882425
1031     -15.388826
1034     -57.342063
1037     -71.662983
1040     -18.618014
1043     -18.464980
1046     -13.068942
1049     -18.475075
1052      -6.446398
1055     -23.309822
1058     -10.003211
1061      -6.165044
1064     -23.809027
1067      -6.509335
1070     -36.950898
1073      -8.428472
1076      -4.315501
1079      -6.486357
1082    -142.657485
1085    -123.359220
1088     -24.134461
1091      -7.575112
1094      -5.912972
1097      -7.370312
1100     -14.351699
1103      -8.066511
1106      -7.332092
1109      -7.616357
1112      -6.168893
1115     -11.318212
1118      -9.766290
1121     -11.876047
1124     -17.462599
1127      -9.067398
1130      -6.210619
1133      -7.552858
1136      -5.931461
1139     -12.501967
1142      -7.303403
1145     -17.606454
1148     -19.954581
1151     -93.853153
1154     -27.761318
1157     -51.103400
1160     -19.789862
1163     -29.787862
1166    -227.480630
1169      -4.457223
1172      -4.714287

