mean_x
0       0.266536
3      -0.422310
6       0.133893
9       0.546137
12     -0.513734
15     -0.015236
18      0.273737
21     -0.346960
24      0.062877
27     -0.126578
30     -0.138387
33      0.237224
36      1.379315
39     -0.837451
42     -0.603918
45      0.778565
48     -0.729603
51     -0.016458
54     -0.325745
57      0.044586
60      0.319604
63     -1.197582
66      0.780201
69      0.436545
72      0.295378
75      0.382509
78     -0.718564
81      0.211952
84     -0.360056
87      0.157988
90      0.245243
93     -0.427760
96      0.186487
99      0.017077
102    -0.108220
105     0.083005
108     0.752382
111    -0.305259
114    -0.418966
117    -0.095239
120    -0.004284
123     0.108681
126    -0.515916
129    -0.088824
132     0.619126
135    -0.264443
138     0.014574
141     0.298483
144     0.140444
147    -0.166813
150     0.053091
153     0.088122
156     0.029417
159    -0.117596
162     0.317589
165     0.166597
168    -0.441290
171    -0.564127
174    -0.266428
177     0.815771
180    -0.048221
183     0.060999
186    -0.016197
189    -0.391674
192     0.548492
195    -0.136611
198    -0.530276
201     0.346352
204     0.193100
207     0.216276
210    -0.329360
213     0.108027
216    -0.340272
219     0.084844
222     0.251897
225    -0.547903
228     0.286727
231     0.220568
234    -0.254799
237     0.355197
240    -0.056050
243    -0.172938
246    -0.130293
249     0.343329
252    -0.260425
255     0.680307
258    -0.409395
261    -0.665472
264    -0.044099
267     0.707278
270     0.108801
273    -0.144149
276     0.094408
279     0.137075
282    -0.033514
285    -0.161719
288     0.308848
291     0.426597
294    -0.703103
297     0.159916
300    -0.197520
303     0.044738
306    -0.127324
309     0.227840
312    -0.053996
315     0.602300
318    -0.077599
321    -0.525232
324     0.107193
327     0.537209
330    -0.652047
333    -0.236270
336     0.649018
339    -0.411220
342    -0.410867
345     0.066358
348     0.400414
351    -0.248425
354     0.347038
357    -0.130790
360    -0.160510
363    -0.536722
366     0.680787
369     0.373689
372    -0.487576
375     0.112318
378    -0.528633
381     0.217124
384     0.312672
387     0.322562
390    -0.301445
393    -0.017649
396    -0.305950
399     0.295000
402     0.054729
405     0.245840
408    -0.511791
411     0.312611
414     0.417704
417    -0.454999
420     0.067487
423     0.747505
426     0.103562
429    -0.844220
432     0.556949
435    -0.490329
438    -0.087877
441     0.225070
444     0.097969
447    -0.347513
450     0.651825
453    -0.016998
456    -0.657365
459    -0.640359
462     0.310617
465     0.317377
468    -0.309215
471     0.332932
474    -0.016939
477     0.312686
480    -0.154547
483    -0.151733
486     0.017766
489    -0.118409
492     0.084193
495    -0.442512
498     0.584284
501    -0.169078
504     0.693536
507    -0.289229
510    -0.433313
513    -0.160329
516    -0.040811
519     0.204691
522     0.556953
525    -0.291849
528    -0.267353
531     0.430967
534     0.009393
537    -0.435818
540    -0.315021
543     0.543231
546    -0.186329
549     0.032948
552     0.262788
555    -0.118527
558    -0.537091
561     0.842272
564    -0.321365
567     0.011029
570    -0.479502
573     0.460210
576    -0.395317
579     0.392323
582    -0.055192
585    -0.480835
588     0.264478
591     0.200674
594    -0.532088
597    -0.217435
600     0.766289
603    -0.345696
606     0.207641
609     0.135336
612     0.501518
615    -0.337365
618    -0.201600
621    -0.387076
624     0.595823
627    -0.204204
630    -0.601377
633    -0.181139
636     0.780108
639    -0.171100
642    -0.447573
645     0.589171
648     0.033454
651     0.179395
654    -0.175775
657     0.048721
660    -0.100692
663     0.068086
666    -1.268714
669     0.761992
672     0.518310
675     0.167936
678     0.220162
681    -0.335272
684    -0.535938
687     0.643973
690    -0.057472
693     0.388991
696    -0.062687
699    -0.368509
702    -0.128612
705     0.034264
708     0.086741
711     0.208964
714     0.318143
717    -0.550669
720     0.268111
723    -0.283428
726     0.009011
729    -0.254315
732    -0.034393
735     0.240951
738     0.193042
741    -0.492459
744     0.321215
747     0.631820
750    -0.206897
753    -0.398594
756    -0.270264
759    -0.231472
762     0.494648
765    -0.356246
768    -0.246765
771     0.613559
774    -0.598331
777     0.223403
780     0.450615
783     0.890869
786    -0.172961
789    -0.728502
792    -0.717591
795     0.036003
798     0.698982
801     0.666958
804    -0.438481
807    -0.249028
810    -0.082953
813     0.235518
816    -0.207349
819    -0.803621
822     0.215581
825     0.607789
828    -0.647329
831     0.175862
834     0.490856
837     0.282874
840    -0.275395
843    -0.014037
846     0.603436
849    -0.031208
852    -0.586859
855     1.022199
858    -0.316387
861    -0.701214
864    -0.420356
867    -0.098183
870     0.448696
873     0.363142
876     0.306362
879    -0.676423
882     0.561984
885    -0.008705
888    -0.512209
891     0.667414
894    -0.664763
897    -0.009962
900     0.238862
903    -0.597084
906     0.386907
909    -0.059120
912    -0.245978
915     0.228271
918     1.174507
921    -0.289652
924    -0.896529
927     0.606570
930     0.193457
933    -0.864086
936    -0.058855
939    -0.038475
942     0.102979
945     0.087572
948    -0.607690
951     0.521303
954    -0.744695
957     0.757417
960    -0.017591
963    -0.460595
966    -0.313998
969     0.729141
972    -0.166537
975    -0.296075
978     0.450064
981     0.252946
984    -0.227094
987    -0.040583
990     0.334736
993     0.679562
996    -0.996525
999    -0.033760
1002    0.374440
1005   -0.349761
1008   -0.182380
1011   -0.305664
1014    0.485461
1017   -0.148012
1020   -0.824257
1023    0.969807
1026   -0.172111
1029   -0.657984
1032    0.812319
1035    0.705991
1038   -0.498725
1041   -0.217082
1044    0.161294
1047   -0.062761
1050   -0.118261
1053    0.320744
1056    0.097209
1059   -0.482034
1062   -0.142329
1065    0.226925
1068   -0.078273
1071   -0.018698
1074   -0.419504
1077    0.406417
1080   -0.270041
1083    0.680826
1086   -0.416950
1089    0.907201
1092   -0.045106
1095   -0.776309
1098   -1.122895
1101    0.758832
1104    0.381144
1107    0.204115
1110    0.062584
1113   -0.264775
1116    0.607816
1119   -0.499897
1122   -0.252644
1125    0.211753
1128   -0.491504
1131    0.226278
1134    0.161071
1137    0.140300
1140   -0.283496
1143   -1.132936
1146    0.507844
1149    0.644936
1152    0.179027
1155    0.000795
1158    0.004452
1161    0.018532
1164   -0.013882
1167   -0.105853
1170   -0.099878

mean_y
1       0.068672
4      -0.510728
7       0.480077
10      0.278082
13     -0.015558
16     -0.241370
19      0.058129
22     -0.241145
25      0.178425
28     -0.684315
31     -0.339536
34      1.089626
37      0.056605
40      0.274125
43     -0.363103
46     -0.084695
49      0.541545
52     -0.467753
55     -1.044620
58      0.955681
61      0.069674
64      0.455397
67     -0.539396
70      0.066897
73      0.416156
76     -0.262587
79     -0.161575
82     -0.418460
85     -0.607579
88      1.011838
91      0.695659
94     -0.181821
97     -0.528863
100    -0.195410
103    -0.183229
106     0.392428
109    -0.563283
112     0.150042
115     0.402188
118    -0.962089
121     0.236315
124     0.697531
127    -0.107294
130     0.056122
133     0.065257
136    -0.219534
139     0.614766
142    -0.392952
145    -0.057008
148    -0.292240
151     0.316374
154    -0.469561
157    -0.152118
160     0.591930
163     0.679850
166    -0.363513
169    -0.330098
172    -0.688118
175     0.656664
178     0.067628
181    -0.206478
184    -0.498614
187     0.710360
190     0.491968
193     0.066281
196    -0.528294
199     1.102177
202    -0.569847
205    -0.558777
208     0.028575
211     0.194595
214    -0.202450
217    -0.152820
220    -0.401321
223     0.602514
226    -0.466302
229     0.426730
232     0.098479
235    -0.491103
238     0.544343
241    -0.056350
244     0.341143
247    -0.153620
250    -0.208386
253    -0.057986
256     0.459546
259    -0.385981
262    -0.347275
265     0.266403
268     0.099215
271     0.850215
274    -0.101281
277    -0.758878
280    -0.533893
283     0.024110
286     0.517321
289    -0.521533
292    -0.144393
295     0.668179
298    -0.325133
301     0.370841
304    -0.025181
307    -0.151196
310    -0.016643
313     0.200374
316    -0.523026
319    -0.151604
322     0.666395
325     0.651051
328    -0.545222
331    -0.096639
334     0.492724
337    -0.408151
340    -0.071736
343    -0.283569
346     0.122044
349     0.141641
352     0.245502
355     0.317626
358    -0.572359
361     0.888714
364    -0.606205
367    -0.239845
370     0.205586
373    -0.093880
376    -0.114747
379    -1.044285
382     0.626099
385     0.440901
388    -0.174182
391     0.341961
394    -0.132842
397    -0.159816
400     0.214047
403    -0.057041
406    -0.202088
409    -0.375208
412     0.526464
415     0.774556
418    -0.180084
421    -0.599840
424    -0.872512
427     0.833869
430     0.024458
433    -0.271578
436    -0.483569
439     0.735904
442    -0.331466
445    -0.235697
448     0.577797
451     0.027344
454    -0.276443
457     0.215593
460     0.218675
463     0.288247
466    -0.490419
469     0.423833
472    -0.375735
475    -0.098986
478     0.837478
481    -0.224256
484    -0.601364
487    -0.913180
490     0.611915
493     0.297240
496     0.965136
499    -0.451216
502    -0.510133
505    -0.401446
508    -0.098659
511     0.472394
514     0.192147
517    -0.567977
520     0.387829
523     0.827862
526     0.071902
529    -0.835075
532     1.053396
535    -0.398216
538    -0.675071
541     0.313258
544    -0.152899
547    -0.247050
550    -0.554650
553     0.380428
556     0.244212
559     0.366163
562    -0.110803
565    -0.222483
568    -0.462158
571     0.603555
574    -0.176040
577     0.438156
580    -0.083085
583    -0.412361
586    -0.649512
589     0.545432
592     0.128539
595     0.801364
598    -0.882580
601     0.072026
604    -0.009809
607    -0.355233
610     0.355575
613    -0.625751
616     0.309107
619     0.326191
622    -0.450947
625    -0.431738
628     0.843929
631    -0.209766
634    -0.166523
637     0.379920
640    -0.152301
643     0.180169
646    -0.058946
649    -0.583149
652     1.108514
655    -0.535495
658    -0.547942
661     1.025792
664    -0.472130
667    -0.213024
670     0.207422
673     0.076881
676    -0.403402
679     0.110619
682     0.287555
685     0.528709
688     0.373776
691    -0.896033
694     0.395681
697    -0.584527
700     0.198929
703     0.338670
706    -0.342829
709     0.019018
712     0.512998
715    -0.314491
718    -0.186379
721    -0.722183
724     0.044772
727     0.723863
730     0.467279
733     0.049341
736    -0.532930
739    -0.560163
742     0.201114
745     0.289772
748    -0.151723
751    -0.619506
754     0.734272
757    -0.013665
760     0.294276
763    -0.264362
766     0.055402
769    -0.677465
772     0.599485
775     0.057286
778    -0.508215
781     0.433095
784     0.448075
787    -0.473431
790     0.021823
793     0.335383
796     0.317204
799    -0.636866
802    -0.302660
805     0.070521
808     0.269920
811     0.651218
814    -0.494210
817    -0.202071
820     0.057988
823    -0.417610
826     0.391870
829     1.142522
832    -0.048248
835    -1.131063
838     0.022214
841    -0.460091
844     0.403496
847    -0.158396
850    -0.257959
853     0.462672
856    -0.771954
859     0.800435
862    -0.007863
865     0.249697
868    -0.499452
871     0.245060
874    -0.229177
877     0.648999
880    -0.353679
883    -0.369549
886     0.116322
889     0.226064
892     0.016495
895     0.036691
898     0.004879
901    -0.056841
904    -0.152345
907     0.212110
910    -0.571679
913    -0.262162
916     0.885318
919     0.327243
922    -0.063148
925    -0.299342
928     0.511155
931    -0.827117
934     0.333938
937    -0.179282
940    -0.231888
943     0.436742
946     0.240295
949     0.175236
952    -0.429400
955    -0.992999
958     0.777002
961     0.149451
964     0.491380
967    -0.658418
970     0.134189
973     0.260732
976    -0.239122
979    -0.009675
982    -0.331857
985     0.413557
988    -0.037688
991    -0.572635
994     0.378304
997     0.179484
1000    0.566169
1003   -0.607207
1006    0.024405
1009    0.151098
1012    0.057728
1015   -0.223303
1018    0.329849
1021   -0.446325
1024    0.098936
1027    1.026907
1030   -0.472703
1033   -0.520560
1036   -0.390303
1039    0.124024
1042    0.282977
1045   -0.407363
1048   -0.237032
1051    0.636755
1054    0.711054
1057   -0.617040
1060   -0.113004
1063   -0.502800
1066    0.625962
1069   -0.133350
1072   -0.546063
1075    0.000536
1078    0.569364
1081   -0.869897
1084    0.650698
1087    0.243496
1090   -0.220629
1093   -0.204646
1096    0.410825
1099   -0.443250
1102   -0.392911
1105    0.867758
1108   -0.749483
1111    0.988963
1114   -0.288745
1117   -0.636736
1120    0.334492
1123    0.312044
1126    0.379845
1129    0.104181
1132   -0.539139
1135   -0.379464
1138    0.472335
1141   -0.064375
1144   -0.146699
1147    0.123257
1150   -0.029104
1153    0.017739
1156    0.049440
1159    0.055056
1162    0.053275
1165   -0.028560
1168   -0.051236
1171   -0.128185

mean_z
2      -0.816959
5       0.649698
8       0.196785
11     -0.486803
14      0.255594
17      0.297494
20     -0.361568
23     -0.018205
26      0.385379
29     -0.730143
32      0.576941
35      0.151132
38     -0.371729
41     -0.227290
44      0.575027
47     -0.150410
50      0.335482
53     -0.187705
56      0.025896
59     -0.580094
62      0.585838
65     -0.394121
68     -0.522249
71      0.902849
74      0.048260
77     -0.340404
80      0.310318
83      0.088692
86     -0.294170
89      0.179182
92      0.204509
95      0.294845
98     -0.468564
101    -0.503957
104     0.047635
107     0.473712
110    -0.141356
113     0.312831
116    -0.122644
119    -0.687974
122     0.739786
125    -0.035404
128     0.550656
131    -0.287055
134    -0.266533
137    -0.378545
140     0.653970
143    -0.240656
146    -0.100819
149     0.003996
152     0.084733
155     0.609065
158    -0.082871
161    -0.508017
164     0.581149
167    -0.554975
170    -0.003243
173     0.203638
176     0.147106
179    -0.289099
182    -1.028246
185     0.374396
188     0.627167
191    -0.441506
194     0.719836
197    -0.304312
200    -0.504594
203    -0.060549
206     0.545588
209     0.212958
212    -0.060320
215    -0.178061
218    -0.690178
221     0.121295
224     0.582626
227    -0.110256
230     0.240817
233    -0.149543
236    -0.582923
239     0.184849
242     0.420592
245    -0.832835
248     0.165761
251     0.697213
254    -0.775368
257     0.202625
260     0.561547
263    -0.706531
266     0.569525
269     0.111669
272    -0.284891
275     0.189508
278     0.068946
281    -0.884070
284     0.278765
287     0.572558
290     0.012110
293     0.196547
296    -0.209759
299    -0.908327
302     0.170175
305     0.760045
308    -0.625771
311     0.862647
314    -0.301129
317    -0.061713
320     0.371110
323    -0.319730
326    -1.117559
329     0.873061
332     0.254993
335     0.844022
338     0.005895
341    -0.845722
344    -0.165174
347     0.256854
350    -0.086740
353    -0.130324
356    -0.100179
359     0.226162
362    -0.663165
365     0.338316
368     0.355061
371    -0.422365
374     0.168800
377     0.245467
380    -0.424504
383     0.563994
386    -0.156570
389    -0.688450
392    -0.135312
395     0.856082
398    -0.483489
401     0.714212
404    -0.239823
407     0.827649
410    -0.367267
413    -0.456769
416    -0.143240
419     0.321109
422    -0.172039
425    -0.063977
428     0.486284
431    -0.437967
434    -0.021621
437    -0.226152
440     0.246612
443    -0.719891
446     0.136698
449     0.609838
452    -0.128555
455    -0.406308
458     0.526373
461    -0.161210
464     0.451137
467    -0.298888
470     0.148852
473     0.176223
476    -0.306446
479     0.012340
482    -0.061005
485     0.042740
488    -0.072350
491     0.433203
494    -0.355327
497     0.445059
500    -0.475788
503     0.029535
506     0.230535
509    -0.207025
512    -0.026653
515    -0.131256
518    -0.516298
521     0.647664
524     0.498310
527    -0.387084
530    -0.110902
533     0.031688
536    -0.791179
539     0.734736
542    -0.232154
545     0.248393
548     0.010339
551    -0.467475
554    -0.310360
557     0.709844
560     0.091749
563     0.051458
566    -0.136288
569    -0.026872
572     0.505417
575    -0.553587
578     0.506850
581    -0.150799
584    -0.373647
587    -0.193653
590     0.160786
593    -0.052660
596    -0.031746
599    -0.078287
602     0.137871
605     0.988590
608    -0.400751
611    -0.559221
614    -0.223687
617     0.405727
620    -0.157109
623    -1.173106
626     0.674746
629     0.517231
632     0.153037
635     0.252032
638    -0.401042
641    -0.323812
644    -0.197985
647     0.512684
650     0.805970
653    -0.536308
656    -0.327555
659     0.108507
662    -0.031132
665    -0.077010
668     0.049443
671    -0.317851
674     0.301476
677     0.324370
680    -0.330855
683    -0.028881
686     0.047851
689    -0.096034
692     0.047690
695    -0.059810
698    -0.731837
701     0.819435
704    -0.854451
707    -0.111514
710     0.918137
713    -0.252008
716    -0.022379
719     0.310128
722    -0.562797
725     0.188935
728     0.374160
731     0.771919
734    -0.696210
737    -0.170942
740     0.262397
743     0.513003
746    -0.740601
749     0.668881
752    -0.148999
755    -0.534014
758    -1.011908
761     0.711606
764     0.335388
767    -0.549086
770    -0.073354
773     0.621926
776     0.283643
779     0.127398
782    -0.370500
785    -0.115212
788     0.308083
791    -0.182264
794    -0.847909
797     0.293966
800     0.594038
803    -0.486551
806    -0.331952
809     0.772927
812    -0.290364
815    -0.141276
818     0.443857
821    -0.038580
824    -0.314021
827     0.365557
830     0.173939
833    -0.609337
836     0.434466
839     0.137682
842     0.044391
845    -0.167913
848    -0.790611
851     0.433973
854     0.370958
857    -0.302713
860     0.144440
863     0.191986
866    -0.759702
869     0.716431
872     0.040904
875    -0.592030
878     0.062608
881     0.544595
884    -0.043443
887    -0.398039
890     0.475461
893    -0.501118
896     0.004798
899     0.471451
902    -0.461199
905     0.018182
908     0.417208
911    -0.493568
914     0.480352
917    -0.000239
920    -0.075771
923    -0.584973
926     0.620396
929    -0.164373
932    -0.029078
935     0.185366
938     0.482664
941    -0.304935
944    -0.163324
947     0.656153
950    -0.266118
953    -0.416147
956     0.150742
959    -0.121850
962    -0.035371
965    -1.054021
968     1.117589
971     0.019686
974     0.694028
977    -0.748050
980     0.049854
983     0.254313
986     0.406247
989    -0.659201
992    -0.530981
995     0.854930
998    -0.335406
1001   -0.977318
1004    0.757337
1007    0.235328
1010    0.403081
1013   -0.676420
1016    0.275357
1019   -1.132144
1022    0.601415
1025    0.589101
1028    0.169939
1031    0.127562
1034   -0.324442
1037    0.041232
1040    0.708631
1043   -0.743700
1046   -0.158063
1049    0.402610
1052   -0.235153
1055   -0.686726
1058    0.489463
1061    0.196015
1064   -0.289996
1067   -0.306858
1070    0.587672
1073   -0.242031
1076    0.175531
1079    0.043393
1082    0.511895
1085   -0.245804
1088   -0.291891
1091    0.707610
1094   -0.982576
1097    0.273339
1100    0.061937
1103   -0.004513
1106   -0.061731
1109    0.578971
1112    0.125592
1115   -0.782569
1118    0.175427
1121   -0.126031
1124   -0.056348
1127   -0.943903
1130    0.860529
1133    0.114464
1136    0.209072
1139    0.456927
1142   -0.715431
1145   -0.404587
1148    0.600600
1151   -0.142793
1154    0.279405
1157   -0.029407
1160   -0.034433
1163   -0.040974
1166    0.004292
1169   -0.012770
1172   -0.185476

std_x
0       3.077661
3       2.261891
6       2.164829
9       3.025134
12      2.252998
15      2.118355
18      3.041272
21      2.156317
24      2.139604
27      2.969905
30      2.152695
33      2.162165
36      2.891944
39      2.068312
42      2.077218
45      3.038958
48      2.089281
51      2.317606
54      3.076119
57      2.118182
60      2.248442
63      2.846292
66      2.147287
69      2.079794
72      2.831553
75      2.110665
78      2.114184
81      3.096067
84      2.221090
87      2.103427
90      2.940627
93      2.217474
96      2.125186
99      3.032157
102     2.215689
105     2.133617
108     3.051480
111     2.227716
114     2.063911
117     2.966183
120     2.290627
123     2.215413
126     2.907940
129     2.113075
132     2.140818
135     3.105851
138     2.201632
141     2.153850
144     2.864445
147     2.164530
150     2.349267
153     2.943152
156     2.127101
159     2.148783
162     2.909431
165     2.124796
168     2.273402
171     3.042885
174     2.094916
177     2.292075
180     2.937225
183     2.140561
186     2.173551
189     3.066406
192     2.116698
195     2.291374
198     3.008563
201     2.295967
204     2.219746
207     2.944373
210     2.113464
213     2.177114
216     2.969465
219     2.089759
222     2.052107
225     2.888448
228     2.168202
231     2.080552
234     3.129889
237     2.251754
240     2.159602
243     3.050726
246     2.307877
249     2.096743
252     2.876660
255     2.141980
258     2.085351
261     2.900885
264     2.001446
267     2.152688
270     3.043807
273     2.411403
276     2.093133
279     2.926549
282     2.378908
285     2.092259
288     3.085549
291     2.342601
294     2.063193
297     2.946074
300     2.171059
303     2.105359
306     3.101145
309     2.129205
312     2.192728
315     3.047520
318     2.303022
321     2.118863
324     2.884449
327     2.161322
330     2.257860
333     3.057141
336     2.187045
339     2.050583
342     2.983558
345     2.149614
348     2.184493
351     3.004899
354     2.168425
357     2.291295
360     3.030136
363     2.235571
366     2.134162
369     3.022048
372     2.255142
375     2.194968
378     2.971030
381     2.080758
384     2.212279
387     3.031207
390     2.205421
393     2.184765
396     2.939326
399     2.383499
402     2.115636
405     3.014507
408     2.191673
411     2.053919
414     3.143596
417     2.182947
420     2.158262
423     2.883911
426     2.201018
429     2.092493
432     3.191679
435     2.272570
438     2.143065
441     3.068424
444     2.179064
447     2.231946
450     3.049408
453     2.139237
456     2.234826
459     2.938750
462     2.294924
465     2.196169
468     3.006659
471     2.140076
474     2.278547
477     3.037219
480     2.160571
483     2.289699
486     2.990574
489     2.083204
492     2.227305
495     2.919986
498     2.208398
501     2.113192
504     3.016824
507     2.054349
510     2.266803
513     2.893972
516     2.189199
519     2.102705
522     2.888850
525     2.256222
528     2.177179
531     3.059766
534     2.295697
537     2.008882
540     3.069667
543     2.321361
546     2.265149
549     3.108359
552     2.136219
555     2.212978
558     3.048028
561     2.234320
564     2.153640
567     3.057605
570     2.068837
573     2.164317
576     3.084603
579     2.298288
582     2.088095
585     2.858887
588     2.261417
591     2.329498
594     2.967935
597     2.039829
600     2.181251
603     2.921766
606     2.389186
609     2.203248
612     2.971648
615     2.184452
618     2.189939
621     2.915699
624     2.055397
627     2.221488
630     3.045917
633     2.111932
636     2.139947
639     2.974826
642     2.301876
645     2.073784
648     3.074328
651     2.085187
654     2.252930
657     2.995440
660     2.246799
663     2.137594
666     2.952026
669     2.116198
672     2.059571
675     2.944321
678     2.305886
681     2.081040
684     3.000162
687     2.061316
690     2.250901
693     3.033249
696     2.163951
699     2.182910
702     3.009417
705     2.301930
708     2.018444
711     3.032911
714     2.099203
717     2.267358
720     2.870332
723     2.090961
726     2.159695
729     2.874030
732     2.159183
735     2.140574
738     3.042469
741     2.109040
744     2.212667
747     3.148173
750     2.198098
753     2.216457
756     3.020568
759     2.000621
762     2.175069
765     3.033883
768     2.216245
771     2.153320
774     3.002305
777     2.063578
780     2.076792
783     3.062770
786     2.052906
789     2.203981
792     3.037440
795     2.137314
798     2.192373
801     3.079488
804     2.281044
807     1.964717
810     2.909159
813     2.235194
816     2.174706
819     2.975750
822     2.102423
825     2.167932
828     2.896009
831     2.279098
834     2.038645
837     2.957004
840     2.244132
843     2.173957
846     3.114749
849     2.142122
852     2.190056
855     2.966769
858     2.136668
861     2.101917
864     3.077532
867     2.218341
870     2.207489
873     2.910971
876     2.159089
879     2.121476
882     2.827784
885     2.198877
888     2.158022
891     3.042243
894     2.083150
897     2.182319
900     2.833309
903     2.146210
906     2.090550
909     3.026118
912     2.217371
915     2.061517
918     2.849960
921     2.089765
924     2.172728
927     3.004216
930     2.103125
933     2.089730
936     3.024213
939     2.196518
942     2.330035
945     2.974078
948     2.139603
951     2.159831
954     3.034771
957     2.138372
960     2.183536
963     2.883875
966     2.109798
969     2.310632
972     3.076940
975     2.211691
978     2.047449
981     3.060419
984     2.273031
987     2.064519
990     2.776053
993     2.055037
996     2.051531
999     3.072504
1002    2.215981
1005    2.185167
1008    2.892261
1011    2.282475
1014    2.204096
1017    2.924380
1020    2.019290
1023    2.106492
1026    2.903787
1029    2.108114
1032    2.086754
1035    3.087595
1038    2.195424
1041    2.230472
1044    3.028834
1047    2.089466
1050    2.189299
1053    3.048080
1056    2.084615
1059    2.261463
1062    3.188198
1065    2.234189
1068    2.130633
1071    3.078258
1074    2.231218
1077    2.190653
1080    2.928383
1083    2.253391
1086    2.104864
1089    2.927880
1092    2.069473
1095    2.084332
1098    2.935230
1101    2.082295
1104    2.143051
1107    3.159869
1110    2.132430
1113    2.215473
1116    2.865978
1119    2.123566
1122    2.174791
1125    2.908521
1128    2.134421
1131    2.140144
1134    3.089821
1137    2.204881
1140    2.168301
1143    2.992881
1146    2.058250
1149    2.196566
1152    1.657677
1155    0.738097
1158    0.751679
1161    0.780377
1164    0.537639
1167    1.536063
1170    1.422542

std_y
1       2.989574
4       2.095777
7       2.235590
10      2.973554
13      2.187157
16      2.155014
19      2.941937
22      2.269769
25      2.134385
28      2.857909
31      2.041548
34      2.118579
37      2.837221
40      2.251500
43      2.223736
46      2.974662
49      2.237660
52      2.044123
55      3.031408
58      2.050852
61      2.126162
64      2.953949
67      2.156111
70      2.067267
73      2.987990
76      2.144616
79      2.177413
82      2.877576
85      2.105237
88      2.152880
91      3.042790
94      2.136657
97      2.254673
100     3.034693
103     2.010193
106     2.272581
109     2.940289
112     2.294518
115     2.256844
118     2.957376
121     2.139560
124     2.187712
127     2.981433
130     2.227208
133     2.095421
136     2.992167
139     2.160761
142     2.239953
145     3.179331
148     2.267094
151     2.116982
154     2.968379
157     2.080576
160     2.203756
163     2.961391
166     2.147866
169     2.131777
172     2.942951
175     2.272728
178     1.993430
181     2.908502
184     2.278907
187     2.099801
190     2.944753
193     2.080456
196     2.069130
199     2.930091
202     2.207369
205     2.019787
208     3.029088
211     2.263679
214     2.061772
217     3.067780
220     2.208855
223     2.258243
226     2.973566
229     2.202968
232     2.214171
235     2.956833
238     2.109323
241     2.252697
244     2.975194
247     2.214361
250     2.219527
253     3.027896
256     2.219824
259     2.127279
262     3.015083
265     2.264110
268     2.177607
271     2.902359
274     2.005190
277     2.212696
280     3.040502
283     2.178597
286     2.222069
289     2.892772
292     2.158078
295     2.131455
298     3.065313
301     2.326207
304     2.183525
307     2.955492
310     2.171605
313     2.253524
316     2.888117
319     2.082531
322     2.120709
325     2.961496
328     2.028534
331     2.115321
334     2.943795
337     2.226121
340     2.159440
343     3.097804
346     2.230341
349     2.131501
352     3.092761
355     2.302637
358     2.046574
361     2.901574
364     2.124173
367     2.150914
370     3.073826
373     2.195868
376     2.181418
379     3.024120
382     2.162767
385     2.094732
388     3.041059
391     2.346314
394     2.142501
397     3.192510
400     2.023758
403     2.396993
406     2.972456
409     2.227796
412     2.160146
415     2.980614
418     2.088037
421     2.172994
424     3.071346
427     2.161909
430     2.068431
433     2.885465
436     2.112944
439     2.239444
442     2.900975
445     2.262114
448     2.066651
451     2.959084
454     2.279168
457     2.082402
460     2.862772
463     2.090472
466     2.149697
469     2.932496
472     2.225132
475     2.163789
478     3.097906
481     2.207632
484     2.054159
487     2.967257
490     2.206656
493     2.115174
496     3.024410
499     2.098978
502     2.280996
505     3.015639
508     2.389847
511     2.106426
514     3.156711
517     2.058058
520     2.280982
523     2.994122
526     2.189023
529     2.231006
532     2.928625
535     2.147311
538     2.136014
541     3.111854
544     2.072346
547     2.272930
550     3.089398
553     2.345145
556     2.125517
559     2.940240
562     2.105646
565     2.364066
568     3.042788
571     2.071934
574     2.178549
577     2.957397
580     2.160114
583     2.336978
586     3.048793
589     2.156509
592     2.071580
595     3.002693
598     2.170729
601     2.127145
604     2.999745
607     2.122986
610     2.213965
613     3.057636
616     2.078177
619     2.218734
622     3.017947
625     2.194269
628     2.137066
631     3.063147
634     2.349051
637     2.127291
640     3.045973
643     2.098372
646     2.194092
649     2.866225
652     2.019569
655     2.183110
658     3.064714
661     2.104191
664     2.042996
667     2.988745
670     1.942943
673     2.233790
676     2.961658
679     2.116242
682     2.188273
685     3.069075
688     2.108138
691     2.142350
694     3.128464
697     2.128066
700     2.122016
703     2.840488
706     2.178836
709     2.177762
712     2.969492
715     2.197244
718     2.132982
721     2.984571
724     2.196416
727     2.135689
730     3.043562
733     2.200029
736     2.175627
739     3.026475
742     2.273830
745     2.061875
748     2.876860
751     2.352868
754     1.993521
757     2.990411
760     2.183526
763     2.147357
766     2.869819
769     2.186697
772     2.029809
775     3.053281
778     2.098599
781     2.176809
784     2.914493
787     2.310328
790     2.073930
793     2.949541
796     2.179636
799     2.104850
802     2.906598
805     2.149320
808     2.124868
811     3.099649
814     2.203418
817     2.141056
820     2.890894
823     2.197712
826     2.225480
829     2.851981
832     2.013317
835     2.079520
838     3.020048
841     2.204667
844     2.235697
847     2.887248
850     2.236332
853     2.042841
856     2.957502
859     2.140899
862     2.159674
865     2.901824
868     2.110543
871     2.186465
874     2.920871
877     2.178744
880     2.136115
883     3.223281
886     2.290028
889     2.172237
892     2.954970
895     2.150890
898     2.007017
901     3.154570
904     2.305769
907     2.202924
910     2.993051
913     2.056246
916     2.196018
919     3.125859
922     2.310119
925     2.105641
928     3.050784
931     2.182563
934     2.122748
937     3.022657
940     2.079063
943     2.155938
946     2.992595
949     2.150722
952     2.200044
955     2.829166
958     2.148579
961     2.163159
964     2.957238
967     2.116705
970     2.015463
973     2.955915
976     2.105032
979     2.384170
982     3.085397
985     2.025504
988     2.277962
991     3.156016
994     2.197442
997     2.068033
1000    2.964870
1003    2.141962
1006    2.325429
1009    3.124827
1012    2.110438
1015    2.246470
1018    2.974025
1021    2.134445
1024    2.165059
1027    3.027544
1030    2.072470
1033    2.161340
1036    2.886700
1039    2.145042
1042    2.060834
1045    3.139278
1048    2.234539
1051    2.004635
1054    3.032473
1057    2.191429
1060    2.129572
1063    2.974211
1066    2.145944
1069    2.226803
1072    3.009794
1075    2.189801
1078    2.182753
1081    2.940421
1084    2.130344
1087    2.175626
1090    2.945727
1093    2.147478
1096    2.211221
1099    2.872779
1102    2.142783
1105    2.066165
1108    2.942000
1111    2.158857
1114    2.061216
1117    3.023284
1120    2.338947
1123    2.199426
1126    2.909638
1129    2.102395
1132    2.267263
1135    2.877340
1138    2.111655
1141    2.113977
1144    2.984929
1147    2.140253
1150    2.136874
1153    1.685210
1156    0.721497
1159    0.736133
1162    0.734503
1165    0.524770
1168    1.802102
1171    1.675299

std_z
2       2.970225
5       2.132322
8       2.155760
11      2.957560
14      2.114077
17      2.246813
20      3.034013
23      2.129206
26      2.253005
29      3.085109
32      2.284515
35      2.014681
38      3.000840
41      2.064170
44      2.118490
47      2.992338
50      2.110495
53      2.162134
56      2.832978
59      2.240124
62      2.123298
65      2.896318
68      2.016462
71      2.144261
74      3.234003
77      2.269825
80      2.210568
83      3.012394
86      2.075927
89      2.115791
92      2.979554
95      2.106849
98      2.136818
101     2.922077
104     2.267844
107     2.091015
110     2.978777
113     2.091912
116     2.219977
119     2.993333
122     2.027561
125     2.184610
128     3.117179
131     2.219151
134     2.313003
137     2.965070
140     2.127178
143     2.131328
146     2.979846
149     2.170649
152     1.997634
155     3.078901
158     2.303347
161     2.140189
164     3.030220
167     2.249268
170     2.057213
173     2.967060
176     2.142183
179     2.109896
182     3.062771
185     2.059547
188     2.155361
191     2.966647
194     2.220496
197     2.146819
200     2.845954
203     2.046644
206     2.173358
209     3.003003
212     2.076825
215     2.313284
218     2.911814
221     2.194403
224     2.100426
227     3.102535
230     2.188610
233     2.245731
236     3.006472
239     2.240560
242     2.232154
245     2.915687
248     2.052796
251     2.138583
254     3.024788
257     2.122290
260     2.130750
263     2.996188
266     2.231558
269     2.175932
272     3.021743
275     2.245378
278     2.109808
281     3.023098
284     2.127054
287     2.199994
290     3.041686
293     2.105316
296     2.141200
299     2.957792
302     2.090931
305     2.210592
308     3.032483
311     2.103240
314     2.217162
317     3.040226
320     2.146130
323     2.209581
326     2.913779
329     2.088938
332     2.106273
335     2.900904
338     2.123012
341     2.066388
344     2.952590
347     2.168343
350     2.234226
353     3.028708
356     2.179697
359     2.173311
362     2.922067
365     2.076033
368     2.127909
371     3.004247
374     2.203359
377     2.253940
380     2.735875
383     2.146851
386     2.148791
389     2.971006
392     2.086372
395     2.153643
398     2.916903
401     2.120582
404     2.070923
407     2.958119
410     2.039884
413     2.289866
416     2.897059
419     2.372479
422     2.256266
425     2.938818
428     2.018758
431     2.213743
434     2.923553
437     2.182562
440     2.006754
443     2.999141
446     2.139656
449     2.124002
452     3.070555
455     2.199264
458     2.146544
461     3.204836
464     2.156954
467     2.189790
470     3.089589
473     2.217672
476     2.109809
479     2.876525
482     2.264704
485     2.123512
488     2.992392
491     2.232742
494     2.167518
497     2.860574
500     2.133678
503     2.106993
506     2.988836
509     2.203738
512     2.174112
515     3.020323
518     2.246599
521     2.048132
524     2.982309
527     2.061911
530     2.023601
533     2.906589
536     2.133141
539     2.133454
542     2.968386
545     2.148674
548     2.160888
551     2.924724
554     2.164516
557     2.221573
560     3.081257
563     2.149034
566     2.038281
569     3.006014
572     2.289030
575     2.153924
578     2.982080
581     2.139743
584     2.103556
587     3.080868
590     2.084715
593     2.199422
596     2.924411
599     2.193114
602     2.151914
605     2.999550
608     1.981555
611     2.081815
614     2.912909
617     2.208313
620     2.149325
623     2.831433
626     2.097706
629     1.976092
632     2.937007
635     2.116284
638     2.178967
641     3.001250
644     2.182038
647     2.112505
650     2.988205
653     2.116026
656     2.113663
659     2.954034
662     2.029235
665     2.326490
668     2.868300
671     2.338943
674     2.222482
677     3.206010
680     2.222799
683     2.289718
686     2.966366
689     2.326727
692     2.035181
695     2.880290
698     2.180961
701     2.115551
704     3.042892
707     2.074160
710     2.200451
713     3.038912
716     2.237972
719     2.198855
722     3.016254
725     2.281445
728     2.036803
731     3.008022
734     2.224419
737     2.147516
740     2.967631
743     2.119282
746     2.177893
749     2.924433
752     2.013942
755     2.102369
758     2.874516
761     2.229278
764     2.178491
767     3.065109
770     2.106759
773     2.083014
776     2.863425
779     2.319616
782     2.171082
785     3.009811
788     2.207733
791     2.258062
794     2.928274
797     2.278862
800     2.086858
803     2.953239
806     2.087307
809     2.315246
812     2.937487
815     2.095555
818     2.191249
821     3.159139
824     2.277658
827     2.106284
830     3.002061
833     2.202747
836     2.112296
839     3.097374
842     2.133262
845     2.168099
848     2.953900
851     2.242459
854     2.219192
857     2.834648
860     2.139382
863     2.214784
866     2.966071
869     2.084517
872     2.173243
875     3.173028
878     2.158930
881     2.145073
884     2.985289
887     2.142238
890     2.189199
893     2.918986
896     2.198530
899     2.353347
902     3.097958
905     2.134258
908     2.220540
911     2.950939
914     2.218846
917     2.200185
920     2.830857
923     2.075562
926     2.043087
929     2.902386
932     2.158654
935     2.215131
938     2.925943
941     2.166621
944     2.090875
947     2.983877
950     2.137000
953     2.106139
956     2.923152
959     2.033504
962     2.224766
965     2.956102
968     1.986502
971     2.132993
974     2.950592
977     2.160121
980     2.105601
983     2.852761
986     2.145766
989     2.121838
992     2.943087
995     2.032722
998     2.145061
1001    2.820949
1004    2.036834
1007    2.036875
1010    3.079148
1013    2.107370
1016    2.150411
1019    2.949171
1022    2.210232
1025    1.997849
1028    3.068211
1031    2.279565
1034    2.237057
1037    2.990797
1040    2.078032
1043    2.171112
1046    2.830328
1049    2.168080
1052    2.261979
1055    2.924337
1058    2.163111
1061    2.251359
1064    2.866931
1067    2.130562
1070    2.176303
1073    2.988163
1076    2.154754
1079    2.181055
1082    3.072847
1085    2.091194
1088    2.229084
1091    3.023062
1094    2.174101
1097    2.094514
1100    2.993935
1103    2.202254
1106    2.142798
1109    2.917691
1112    2.106465
1115    2.207035
1118    3.086637
1121    2.082542
1124    2.199766
1127    3.102743
1130    2.160733
1133    2.111791
1136    3.068228
1139    2.167786
1142    2.175872
1145    2.814488
1148    2.192985
1151    2.217107
1154    1.631091
1157    0.752058
1160    0.793437
1163    0.733455
1166    0.507292
1169    1.684324
1172    1.580123

max_x
0        9.079617
3        6.869304
6        7.988139
9        8.954908
12       6.595589
15       6.144147
18       8.301396
21       9.087306
24       6.538959
27       8.854548
30       6.307367
33       7.401468
36       8.732675
39       7.081976
42       8.871462
45       8.556323
48       7.408663
51       7.742315
54       8.545472
57       7.974057
60       7.056830
63       8.168997
66       6.910925
69       7.760171
72       7.980577
75       6.336387
78       5.541700
81       8.444664
84       7.346533
87       7.951749
90       8.065802
93       7.801961
96       7.872603
99       7.313704
102      6.295979
105      6.902371
108      9.229360
111      7.149498
114      8.218732
117      8.743628
120      7.910290
123      7.786068
126      7.816324
129      7.962711
132      6.600025
135      7.968607
138      6.601377
141      8.282566
144      8.411083
147      6.823527
150      6.968879
153      8.528689
156      6.989999
159      6.646799
162      7.669674
165      6.190376
168      6.348015
171      8.718353
174      8.236271
177      7.467880
180      8.184615
183      7.421896
186      9.294317
189      7.616360
192      7.697008
195      8.110958
198      8.557848
201      7.482980
204      7.029680
207      9.411887
210      7.440760
213      7.269841
216      7.958483
219      7.315056
222      6.693399
225      8.516642
228      8.350323
231      6.446496
234      8.198799
237      8.004548
240      7.416940
243      8.205095
246      7.598028
249      8.126731
252      8.100456
255      7.730296
258      7.647021
261      7.753068
264      9.054121
267      7.997306
270      8.357847
273      7.817181
276      8.045144
279      7.680106
282      7.457950
285      7.063624
288      8.031551
291      8.756330
294      6.727316
297      8.368468
300      6.965779
303      8.447147
306      8.031612
309      7.496022
312      7.273852
315      9.090606
318      7.080756
321      6.621770
324      7.338459
327      7.283558
330      6.554847
333      9.108683
336      7.929256
339      5.987345
342      7.879599
345      7.081857
348      6.355404
351      8.196777
354      8.717135
357      6.324177
360      7.734939
363      6.888534
366      7.187933
369      8.643274
372      8.095500
375      6.533798
378      7.561199
381      7.722838
384      7.627392
387      8.854098
390      6.994255
393      6.978803
396      9.367757
399      9.217717
402      7.870255
405      8.781518
408      7.367987
411      7.451235
414      8.276050
417     10.003206
420      7.041800
423      8.122290
426      7.611829
429      6.446139
432      8.190573
435      7.242020
438      6.366366
441      8.548029
444      6.771698
447      7.514137
450      9.117376
453      6.135759
456      6.627713
459      7.610579
462      7.990181
465      8.328019
468      8.450105
471      8.020498
474      6.814802
477      8.001352
480      8.019566
483      8.809975
486      8.818356
489      8.225938
492      7.024490
495      8.216852
498      8.041585
501      6.707850
504      9.701556
507      6.737536
510      8.362829
513      7.810909
516      7.155378
519      7.435782
522      9.084657
525      6.099093
528      8.681845
531      8.583885
534      7.138348
537      8.248368
540      8.392229
543      7.196337
546     11.651885
549      8.324639
552      7.861074
555      8.749514
558      8.198986
561      8.594972
564      7.104643
567      8.268505
570      6.877292
573      6.725990
576      8.251246
579      7.178168
582      8.438532
585      7.612303
588      7.857370
591      6.674237
594      9.120404
597      5.779312
600      7.657837
603      8.650008
606      7.688914
609      7.400287
612      8.004295
615      7.458913
618      6.983974
621      7.745402
624      7.595535
627      6.808076
630      8.622150
633      6.313031
636      7.193690
639      8.174747
642      8.240707
645      7.217626
648      7.733911
651      7.066927
654      8.239093
657      7.697353
660      8.013689
663      7.364916
666      8.188111
669      6.971920
672      6.722671
675      7.911129
678      7.326080
681      7.085483
684      7.864123
687      8.381444
690      8.258549
693      7.252382
696      6.994479
699      6.349988
702      7.574249
705      7.474078
708      6.910477
711      8.500541
714      7.278449
717      6.098701
720      7.784137
723      7.377280
726      7.517810
729      8.220527
732      7.057438
735      6.943576
738      8.600821
741      6.205291
744      8.901887
747      8.550359
750      7.237607
753      7.549215
756      8.100723
759      7.083092
762      7.497800
765      8.342126
768      7.666031
771      8.372953
774      7.772588
777      7.317675
780      8.060844
783      8.950230
786      7.256240
789      7.309824
792      9.209073
795      8.397579
798      7.226431
801      8.373761
804      7.080866
807      6.502816
810      8.402735
813      6.919752
816      6.822437
819      7.302861
822      6.759715
825      7.071333
828      9.557990
831      8.012722
834      7.767528
837      7.662661
840      6.616735
843      7.299058
846      8.140520
849      6.672506
852      7.754649
855      8.502452
858      7.162960
861      6.174807
864      7.844916
867      6.898493
870      7.370455
873      9.367668
876      8.190821
879      6.997886
882      7.995470
885     11.444885
888      6.044279
891      7.728022
894      6.941964
897      7.328141
900      7.566252
903      6.458204
906      8.095285
909      8.528450
912      7.263521
915      8.070814
918      8.897932
921      6.794451
924      7.010283
927      8.498449
930      7.701737
933      6.593364
936      7.892515
939      7.577839
942      8.684786
945      8.602964
948      7.293420
951      7.784683
954      7.967932
957      8.318230
960      6.743631
963      8.659570
966      6.760683
969      8.233704
972      7.607875
975      8.365793
978      7.489391
981      8.849382
984      7.773130
987      8.528959
990      8.208155
993      7.080899
996      6.774514
999      8.210654
1002     7.129464
1005     6.757729
1008     8.427818
1011     7.342686
1014     7.713965
1017     8.998577
1020     7.391554
1023     7.467060
1026     7.886897
1029     7.310464
1032     7.074156
1035     7.711794
1038     7.913020
1041     6.894872
1044     8.266754
1047     7.441574
1050     6.791031
1053     7.822680
1056     6.552621
1059     7.769733
1062    10.118268
1065     7.650715
1068     6.723852
1071     8.082351
1074     6.950626
1077     7.022480
1080     7.927703
1083     9.446346
1086     6.849385
1089     9.950370
1092     6.950787
1095     6.920542
1098     7.843286
1101     7.957376
1104     7.744593
1107     8.029526
1110     6.139966
1113     6.344656
1116     8.575756
1119     7.805904
1122     8.437555
1125     7.737793
1128     6.585322
1131     7.220890
1134     9.187791
1137     6.910473
1140     6.194620
1143     8.396382
1146     7.785480
1149     7.834946
1152     7.923787
1155     5.486115
1158     4.552328
1161     3.255480
1164     1.782482
1167     6.292875
1170     6.667997

max_y
1        9.014432
4        8.297420
7        7.163028
10       7.981524
13       6.638676
16       7.025130
19       7.438408
22       8.393959
25       6.415266
28       7.659655
31       6.250788
34       8.237548
37       7.946106
40       7.590595
43       8.025070
46      10.016643
49       7.849802
52       7.127528
55       7.803601
58       7.899134
61       6.303125
64       8.295760
67       6.777968
70       7.320815
73       8.375805
76       6.971753
79       8.198562
82       7.682203
85       7.302029
88       7.429567
91       7.736992
94       8.687816
97       7.970851
100      7.617708
103      6.890416
106      6.664614
109      8.127954
112      7.307771
115      7.462327
118      7.909185
121      6.770196
124      6.966833
127      8.511844
130      6.910461
133      6.860725
136      7.817073
139      6.988636
142      6.748188
145      7.816986
148      6.606736
151      7.115273
154      7.772002
157      6.789110
160      7.287843
163      8.912100
166      7.678882
169      7.206661
172      8.352138
175      7.237326
178      6.568797
181      7.988362
184      7.801335
187      6.854244
190      8.363117
193      8.044257
196      6.273401
199      7.828401
202      7.742679
205      6.656871
208      8.256209
211      7.472199
214      5.948880
217      8.190336
220      6.737764
223      8.106156
226      7.442111
229      8.437016
232      6.856257
235      8.584839
238      7.440721
241      7.038458
244      8.077725
247      7.786531
250      6.757113
253      8.495984
256      7.055008
259      6.979017
262      7.518356
265      7.596598
268      8.040571
271      9.183949
274      7.733624
277      6.981440
280      9.964184
283      6.497407
286      9.103170
289      8.321735
292      8.220100
295      7.492149
298      8.297793
301      7.151914
304      7.370152
307      8.452230
310      6.399916
313      7.457119
316      9.213041
319      6.162333
322      7.199993
325      7.492689
328      6.068073
331      6.298300
334      7.072634
337      6.285128
340      7.247757
343      7.618484
346      8.085952
349      7.774203
352      8.495996
355      7.631234
358      9.828876
361      8.476908
364      7.382391
367      6.828172
370      8.021627
373      8.225799
376      8.270025
379      7.654962
382      7.143159
385      7.065564
388      7.134880
391      7.324039
394      6.914315
397      7.255469
400      7.138483
403      7.463348
406      8.375557
409      6.988168
412      7.490106
415      8.115341
418      8.855149
421      6.556315
424      7.734930
427      6.878211
430      6.902627
433      8.851517
436      6.142999
439      7.646190
442      7.728520
445      7.729199
448      8.184958
451      8.673702
454      6.865898
457      7.201995
460      8.662844
463      7.329255
466      7.703543
469      8.300238
472      6.645077
475      8.526744
478      8.058523
481      6.464846
484      6.725683
487      8.993140
490      7.745722
493      7.994134
496      8.262591
499      6.329357
502      6.727331
505      7.746815
508      7.676624
511      8.007867
514      7.673594
517      7.831013
520      7.309418
523      7.984650
526      7.454076
529      6.756251
532      9.015796
535      6.087998
538      7.363244
541      8.479374
544      6.171859
547      9.002853
550      8.385414
553      9.601211
556      8.253305
559      7.609379
562      6.918394
565      7.993894
568      8.030843
571      8.262585
574      7.784380
577      7.755088
580      6.772535
583      8.129192
586      7.885457
589      6.959574
592      6.808053
595      8.147967
598      7.120627
601      7.162714
604      9.056045
607      6.228444
610      7.098249
613      8.563804
616      6.797539
619      6.928021
622      9.298063
625      6.822129
628      6.796101
631      8.018287
634      7.004548
637      6.894078
640      7.801752
643      7.063351
646      7.194157
649      9.385471
652      8.081980
655      7.852456
658      8.128931
661      6.692248
664      8.327523
667      7.809650
670      7.308401
673      6.677279
676      7.553739
679      7.246291
682      7.330486
685      9.051456
688      7.168848
691      6.749999
694      9.184924
697      6.821219
700      7.090979
703      8.684640
706      7.179887
709      6.333264
712      7.894821
715      7.125096
718      7.379097
721      8.821820
724      8.048622
727      6.981396
730      8.715666
733      6.824329
736      6.831882
739      8.599855
742      7.270507
745      8.197410
748      7.893404
751      7.582288
754      8.889778
757      7.875570
760      8.276777
763      7.333969
766      7.664680
769      6.394804
772      6.753670
775      7.610482
778      6.939166
781      7.853744
784      8.531864
787      7.359282
790      7.818813
793     10.030333
796      7.279041
799      6.244797
802      7.210641
805      7.038234
808      7.781788
811      7.757385
814      7.837495
817      6.990544
820      8.057304
823      6.499917
826      7.508403
829      8.481832
832      7.401556
835      6.510542
838      7.800717
841      7.409697
844      7.458777
847      7.783431
850      6.589266
853      8.147626
856      7.953294
859      7.621957
862      7.812031
865      7.754782
868      7.601142
871      7.693761
874      8.973927
877      6.985458
880      6.767981
883      9.732373
886      8.118924
889      7.765763
892      7.611511
895      7.144651
898      6.860970
901      8.172421
904      7.342260
907      9.142009
910      8.278071
913      6.534614
916      8.213986
919      8.371850
922      7.654693
925      6.573590
928      8.175405
931      6.377366
934      6.638781
937      8.108223
940      6.168679
943      7.260643
946      7.885742
949      6.705970
952      6.949131
955      7.510739
958      8.682065
961      8.242335
964      8.262489
967      6.565041
970      6.492616
973      8.568279
976      7.037095
979      7.208524
982      8.858070
985      6.749854
988      7.809402
991      8.120556
994      7.451182
997      8.394167
1000     8.526915
1003     7.733418
1006     6.910789
1009     8.994346
1012     7.747342
1015     7.018188
1018     7.739970
1021     8.750531
1024     7.387837
1027     8.696179
1030     7.127559
1033     6.653878
1036     8.565853
1039     8.281546
1042     6.931650
1045     9.177718
1048     6.525549
1051     7.733172
1054     8.045026
1057     7.797540
1060     7.686079
1063     8.126914
1066     8.753740
1069     6.701681
1072     7.999260
1075     7.192602
1078     9.600500
1081     7.281048
1084     7.550728
1087     8.617894
1090     7.959835
1093     6.496842
1096     7.061112
1099    11.235944
1102     6.246011
1105     8.461502
1108     8.391508
1111     8.757268
1114     7.670748
1117     7.737931
1120     7.948252
1123     7.279140
1126     7.375377
1129     7.522670
1132     8.135081
1135     8.996166
1138     6.700826
1141     6.040821
1144     7.802807
1147     8.033128
1150     7.827743
1153     7.262657
1156     4.511462
1159     4.322076
1162     5.447659
1165     1.785998
1168     9.707362
1171    12.601575

max_z
2        7.582302
5        6.869576
8        7.378779
11       8.294234
14       6.420863
17       7.460548
20       8.513756
23       7.775300
26       7.445164
29       7.962133
32       7.330298
35       6.881489
38       9.076440
41       7.694085
44       7.967995
47       7.859202
50       7.885990
53      10.337488
56       7.319317
59       6.421129
62       7.566634
65       8.089136
68       6.848976
71       6.737170
74       7.896300
77       6.280659
80       7.959439
83       8.260385
86       6.492803
89       8.417840
92       7.555873
95       7.408032
98       7.488224
101      8.144950
104      7.265611
107      6.833746
110      7.547636
113      7.751411
116      8.812665
119      8.922415
122      8.202165
125      7.500891
128      7.886784
131      7.669460
134      6.568899
137      7.368802
140      7.610580
143      6.596697
146      8.225568
149      7.303706
152      6.735570
155      8.383384
158      7.047565
161      8.402130
164      8.723752
167      7.187678
170      7.755700
173      8.457943
176      6.806023
179      6.229219
182      7.505325
185      7.579551
188      6.555766
191      8.004927
194      7.217907
197      9.369027
200      8.414529
203      7.158960
206      7.255801
209      7.709205
212      6.305560
215      7.227210
218      8.095496
221      7.586236
224      8.140415
227      8.514551
230      6.731351
233      7.389992
236      7.707119
239      8.629342
242      7.907666
245      8.556517
248      7.383735
251      8.007479
254      8.794601
257      6.673854
260      7.523548
263      8.102922
266      8.176104
269      6.393376
272      8.405968
275      7.450831
278      7.458812
281      8.679860
284      7.211321
287      7.797730
290     10.020012
293      7.322056
296      7.034209
299      7.579789
302      7.393055
305      8.310815
308      8.547420
311      8.227319
314      6.829948
317      7.911113
320      6.561018
323      7.418728
326      7.381105
329      7.396070
332      6.890170
335      8.651166
338      6.320901
341      6.621346
344      7.638688
347      6.883086
350      8.130926
353      9.268739
356      7.505753
359      6.769234
362      9.493623
365      7.280925
368      8.514913
371      7.379735
374      7.291554
377      7.109136
380      7.584308
383      6.921158
386      7.743785
389      9.192248
392      6.934295
395      8.245586
398      7.929220
401      7.922821
404      7.155477
407      8.379596
410      6.802784
413      6.841973
416      8.154809
419      7.434371
422      8.683831
425      7.546303
428      7.750600
431      7.027846
434      8.340399
437      6.908768
440      6.968336
443      8.371237
446      6.199604
449      7.403010
452      7.764785
455      7.290984
458      7.087332
461      8.173303
464      7.184528
467      9.787351
470      8.617986
473      7.235701
476      6.712100
479      9.258267
482      7.856279
485      7.060774
488      7.700123
491      7.462054
494      6.771875
497      7.958682
500      8.016053
503      7.242179
506      8.123399
509      7.931321
512      7.362631
515     10.531694
518      6.584258
521      8.281979
524      8.284500
527      7.317085
530      6.773659
533      9.135877
536      7.146594
539      6.998999
542      8.125492
545      7.826330
548     10.705065
551      8.481084
554      7.568620
557     19.783224
560      9.425145
563      8.637606
566      6.636414
569      8.643490
572      8.037845
575      7.432200
578      8.204621
581      8.389697
584      6.749926
587      8.685059
590      6.534671
593      8.158333
596      8.451546
599      6.680787
602      7.422683
605      8.490830
608      6.806423
611      6.071371
614      9.703798
617      7.140874
620      6.214120
623      7.595659
626      6.939985
629      6.804019
632      7.951542
635      6.887256
638      6.876958
641      8.059224
644      7.174530
647      6.864263
650      8.508687
653      6.805716
656      6.079368
659      9.017002
662      8.311719
665      7.586480
668      8.097350
671      6.297088
674      6.247009
677      8.500320
680      7.881046
683      7.841924
686      8.032993
689      7.282928
692      6.898110
695      7.335193
698      6.990684
701      7.923387
704      7.520904
707      7.597567
710      7.523919
713      8.228608
716      7.446565
719      7.643312
722      7.831292
725      8.132501
728      7.468046
731      8.288594
734      7.271410
737      7.465963
740      8.775562
743      8.556943
746      5.624323
749      8.485635
752      6.479496
755      6.906913
758      7.393363
761      7.969334
764      8.672275
767      8.414114
770      7.205664
773      7.340827
776      8.234594
779      8.333178
782      7.722622
785      7.925547
788     10.105844
791      6.684381
794      8.570494
797      6.899039
800      6.359214
803      8.636899
806      6.745960
809      8.876785
812      8.497249
815      8.370106
818      7.164404
821      7.983932
824      7.814496
827      7.340360
830      8.144386
833      7.378687
836      7.007189
839      8.044977
842      7.978705
845      8.191742
848      8.120343
851      6.929306
854      9.342301
857      8.009357
860      6.975919
863      7.197983
866      8.078433
869      7.070290
872      7.235575
875      8.390491
878      7.570086
881      7.977534
884      7.815500
887      6.937780
890      7.768452
893      8.515092
896      8.346909
899      8.125908
902      7.976894
905      6.371641
908      6.822814
911      8.511122
914      6.692862
917      7.012810
920      7.626354
923      6.791285
926      8.153571
929      7.970208
932      7.976850
935      8.013462
938      8.925410
941      8.345379
944      6.762143
947      8.705300
950      6.601535
953      7.047914
956      7.775777
959      7.923807
962      7.899663
965      7.496520
968      8.875573
971      7.197332
974      8.031379
977      6.912739
980      6.370667
983      7.430079
986      7.277621
989      6.927103
992      7.949342
995      8.044233
998      7.345581
1001     7.710395
1004     6.533531
1007     6.419695
1010     8.763137
1013     7.064140
1016     7.394076
1019     7.450068
1022     6.932446
1025     8.362660
1028     7.547231
1031     8.738288
1034     8.796896
1037     8.516236
1040     7.752031
1043     6.032861
1046     7.631805
1049     7.219964
1052     8.209131
1055     7.766359
1058     7.962922
1061     6.743217
1064     7.967510
1067     6.746800
1070     7.544077
1073     7.884186
1076     6.783051
1079     7.324687
1082     8.577631
1085     7.064501
1088     6.927878
1091     8.674020
1094     6.667046
1097     7.111102
1100     7.560553
1103     6.758697
1106     6.899802
1109     8.292828
1112     7.727438
1115     7.625817
1118     8.520018
1121     7.296660
1124     7.384110
1127     8.879859
1130     7.149523
1133     7.344257
1136     8.412316
1139     7.063563
1142     7.144207
1145     8.356199
1148     8.303368
1151     6.584703
1154     7.436803
1157     3.947369
1160     5.517197
1163     3.505164
1166     1.637813
1169     9.296285
1172     6.767158

min_x
0       -7.775967
3       -8.346660
6       -7.206537
9       -7.365268
12      -7.800102
15      -7.565862
18      -8.803157
21      -7.061388
24      -7.601081
27      -7.860171
30      -8.130531
33      -7.270147
36      -8.797929
39      -7.184302
42      -8.192999
45      -9.143648
48      -7.778322
51      -6.764458
54      -8.082063
57      -7.961331
60      -7.370559
63      -9.228286
66      -6.364417
69      -6.422791
72      -7.534542
75      -8.216834
78      -7.001330
81      -8.706940
84      -6.873169
87      -7.970974
90      -8.519605
93      -7.537221
96      -7.806522
99      -7.592800
102     -7.753508
105     -6.443676
108     -9.533664
111     -7.621898
114     -6.812276
117     -8.647199
120     -7.740574
123     -7.948679
126     -7.839003
129     -5.814622
132     -6.404443
135     -8.058331
138     -7.738726
141     -7.838355
144     -7.388934
147     -6.998942
150     -6.767542
153     -8.073904
156     -7.015606
159     -7.417717
162     -7.798140
165     -6.826777
168     -8.178720
171     -9.242862
174     -7.379611
177     -7.044503
180     -8.894005
183     -7.105771
186     -7.475969
189     -7.950999
192     -6.635147
195     -6.624486
198     -8.677665
201     -7.417526
204     -6.656180
207     -8.378971
210     -8.848048
213     -7.525418
216     -8.280747
219     -6.644948
222     -7.183785
225     -8.180086
228     -6.801907
231     -6.533906
234     -8.048841
237     -7.183172
240     -6.984706
243     -7.671610
246     -7.272609
249     -7.107526
252     -8.121522
255     -6.750939
258     -6.457684
261     -8.664989
264     -6.428477
267     -7.766111
270     -8.134569
273     -7.980135
276     -6.699439
279    -10.379766
282     -7.650208
285     -6.254889
288     -8.265259
291     -7.236950
294     -7.741383
297     -9.021312
300     -7.615652
303     -7.540283
306     -8.583097
309     -6.068659
312     -7.050638
315     -7.714568
318     -7.560362
321     -7.394606
324     -8.971298
327     -7.097951
330     -6.931590
333     -8.444947
336     -6.951917
339     -8.675488
342     -8.001253
345     -6.443268
348     -7.332399
351     -8.064454
354     -8.698189
357     -6.118822
360     -7.945047
363     -7.101149
366     -7.165481
369     -8.363867
372     -7.463835
375     -8.884016
378     -8.084755
381     -6.809952
384     -7.175849
387     -7.574646
390     -8.001189
393     -7.556625
396     -9.984217
399     -8.453111
402     -6.436388
405     -8.657455
408     -7.173114
411     -7.317660
414     -8.824030
417     -7.100133
420     -6.629855
423     -8.313033
426     -7.801421
429     -7.381696
432     -8.448695
435     -7.717645
438     -7.439618
441     -9.477790
444     -7.180531
447     -7.857062
450     -8.901829
453     -6.765430
456     -9.271493
459     -7.504626
462     -7.294506
465     -7.119881
468     -8.062081
471     -8.318147
474     -7.262490
477     -7.923829
480     -7.042429
483     -8.328629
486     -8.888501
489     -7.454529
492     -6.369154
495     -8.379676
498     -8.764823
501     -6.361813
504     -8.028677
507     -8.917268
510     -7.564300
513     -8.919001
516     -6.831638
519     -7.436581
522     -8.033367
525     -7.615669
528     -7.336688
531     -7.987790
534     -7.641300
537     -7.384938
540     -8.316320
543     -6.820356
546     -6.857433
549    -13.230528
552     -8.141131
555     -7.775864
558     -8.047078
561     -7.683489
564     -8.117750
567     -8.097648
570     -7.114928
573     -7.483718
576     -7.709529
579     -7.607965
582     -7.136377
585     -8.475761
588     -8.759712
591     -7.056622
594     -8.467465
597     -6.987563
600     -7.947950
603     -7.502076
606     -7.465328
609     -8.483817
612     -7.798046
615     -7.048736
618     -6.612474
621     -8.553457
624     -7.074172
627     -7.168651
630     -8.256355
633     -6.932938
636     -7.977339
639     -8.778606
642     -7.985910
645     -8.021371
648     -7.673576
651     -6.371243
654     -6.563460
657     -8.570001
660     -7.242588
663     -6.822004
666     -8.707292
669     -6.655345
672     -7.607745
675     -8.846980
678     -7.210047
681     -6.946626
684     -8.663415
687     -6.686509
690     -8.018666
693     -8.209331
696     -7.002231
699     -8.438002
702     -8.385248
705     -7.079023
708     -8.158707
711     -7.481631
714     -7.487014
717     -7.389165
720     -7.699118
723     -9.371561
726     -6.267837
729     -7.625426
732     -7.338005
735     -7.204404
738     -8.122787
741     -6.731487
744     -6.860031
747     -8.312302
750     -7.106780
753     -8.589999
756     -8.136015
759     -7.040757
762     -6.799628
765     -9.595075
768     -8.013171
771     -7.407981
774     -7.914598
777     -6.972942
780     -6.254770
783     -8.438561
786     -7.161205
789     -7.864044
792     -8.361874
795     -7.280413
798     -8.312405
801     -8.321222
804     -7.724990
807     -6.755556
810     -7.968860
813     -7.203895
816     -7.546359
819     -7.826208
822     -7.357395
825     -7.372283
828     -9.183137
831     -7.332236
834     -7.099954
837     -8.206980
840     -7.514405
843     -7.597296
846     -8.333833
849     -6.526602
852     -7.992953
855     -8.148559
858     -7.764619
861     -8.601616
864     -8.573749
867     -7.057357
870     -7.511690
873     -8.576451
876     -8.238571
879     -7.574338
882     -7.840340
885     -7.800299
888     -6.776418
891     -8.266940
894     -6.780323
897     -7.244864
900     -8.173177
903     -7.237186
906     -7.980925
909     -7.698960
912     -8.338885
915     -6.783177
918     -7.536778
921     -7.963922
924     -7.140348
927     -7.765994
930     -7.395354
933     -8.166828
936     -8.670792
939     -7.101526
942     -7.052249
945     -8.089004
948     -9.036666
951     -6.672628
954     -8.800624
957     -7.147579
960     -7.420319
963     -8.055583
966     -6.827373
969     -8.550760
972     -8.459604
975     -7.709679
978     -6.759659
981     -8.333928
984     -6.946917
987     -6.381988
990     -8.110233
993     -6.627926
996     -7.289495
999     -7.434437
1002    -8.073862
1005    -7.621553
1008    -7.931173
1011    -7.626605
1014    -6.555668
1017    -8.279590
1020    -8.908993
1023    -6.779643
1026    -8.034373
1029    -6.285019
1032    -6.573589
1035    -7.919473
1038    -8.450873
1041    -6.845962
1044    -8.813286
1047    -6.986000
1050    -7.577133
1053    -8.289335
1056    -7.082770
1059    -7.793613
1062    -8.158724
1065   -10.588835
1068    -6.608458
1071    -8.201994
1074    -7.493540
1077    -7.702573
1080    -7.871043
1083    -6.177634
1086    -8.025964
1089    -7.738689
1092    -7.472603
1095    -8.134331
1098    -8.523417
1101    -6.766885
1104    -6.464741
1107    -8.242289
1110    -7.836219
1113    -7.197298
1116    -8.615364
1119    -7.993223
1122    -7.492650
1125    -7.978465
1128    -7.218204
1131    -7.193307
1134    -8.268613
1137    -6.855122
1140    -6.627487
1143    -8.122818
1146    -6.573824
1149    -7.531251
1152    -6.466616
1155    -4.332053
1158    -4.418601
1161    -3.987292
1164    -2.432991
1167    -7.635601
1170    -6.596913

min_y
1       -8.092092
4       -7.387747
7       -7.533810
10      -6.999127
13      -6.262425
16      -7.063495
19      -8.799567
22      -8.478677
25      -6.095921
28      -8.080090
31      -7.587907
34      -6.175099
37      -7.835096
40      -7.383880
43      -7.719760
46      -8.437220
49      -6.917229
52     -10.657355
55      -7.807484
58      -6.600990
61      -6.820166
64      -7.815140
67      -7.796571
70      -6.247864
73      -7.437457
76      -7.398832
79      -7.248623
82      -8.157086
85      -7.033250
88      -8.708240
91      -8.459757
94      -6.595437
97      -8.644670
100     -7.883794
103     -6.727019
106     -7.157977
109     -8.656558
112     -6.304352
115     -6.601927
118     -8.947802
121     -8.987428
124     -7.916997
127     -8.703523
130     -6.976767
133     -6.570788
136     -7.692979
139     -8.724547
142     -7.682337
145     -7.982924
148     -7.204178
151     -7.028215
154     -9.018667
157     -6.820340
160     -6.909274
163     -8.227196
166     -8.377422
169     -6.386693
172     -8.162878
175     -8.046432
178     -7.768457
181     -7.713173
184     -7.388952
187     -7.793730
190     -9.659758
193     -6.745821
196     -6.694214
199     -7.934302
202     -7.041016
205     -7.282168
208     -7.427535
211     -5.943570
214     -7.266459
217     -8.642871
220     -7.459166
223     -8.383195
226     -9.066140
229     -6.862914
232     -6.929330
235     -7.474345
238     -6.883135
241     -7.352923
244     -7.922740
247     -7.040534
250     -7.739025
253     -8.428158
256     -7.494135
259     -7.774493
262     -8.313236
265     -7.015237
268     -7.396608
271     -8.180302
274     -7.793107
277     -9.265861
280     -8.997242
283     -7.294046
286     -6.771350
289     -8.150898
292     -8.062279
295     -6.392191
298     -8.633474
301     -7.542908
304     -7.765243
307     -7.330808
310     -8.717205
313     -8.694422
316     -7.858745
319     -8.576895
322     -7.353343
325     -7.716052
328     -7.469970
331     -6.541346
334     -7.369184
337     -7.525339
340     -6.951060
343     -8.220826
346     -7.700752
349     -7.101658
352     -9.555081
355     -7.745568
358     -7.796161
361     -8.820192
364     -8.248368
367     -7.943796
370     -9.054599
373     -8.320988
376     -7.205792
379     -9.013908
382     -6.784092
385     -8.297455
388     -7.801843
391     -6.686619
394     -7.030063
397     -7.633439
400     -7.478126
403     -7.995260
406     -8.005061
409     -7.027280
412     -7.046588
415     -8.106672
418     -7.428708
421     -7.148388
424     -9.060479
427     -6.798822
430     -7.514284
433     -8.224760
436     -8.487094
439     -7.686114
442     -8.276770
445     -7.588023
448     -7.032245
451    -10.240728
454     -7.608619
457     -7.581682
460     -7.906138
463     -6.751527
466     -7.166609
469     -8.026927
472     -6.959976
475     -6.600193
478     -7.965699
481     -7.485661
484     -7.130531
487     -8.864504
490     -9.655476
493     -6.881620
496     -8.002737
499     -8.401576
502     -7.590860
505     -7.923889
508     -7.871743
511     -8.636727
514     -8.230144
517     -6.822825
520     -7.277737
523     -8.999549
526     -6.659881
529     -8.418482
532     -7.935427
535     -7.653696
538     -7.054233
541     -9.821806
544     -6.295466
547     -7.900381
550     -8.280804
553     -7.351550
556     -9.498113
559     -7.666940
562     -6.487947
565     -9.054370
568     -8.346786
571     -7.424412
574     -7.859980
577     -8.171769
580     -7.022824
583     -7.735684
586     -7.628034
589     -7.196779
592     -7.449313
595     -8.208597
598     -7.603430
601     -7.718062
604     -7.809725
607     -7.583800
610     -7.490979
613     -8.214721
616     -8.403795
619     -6.783800
622     -8.866480
625     -8.589891
628     -6.037873
631     -7.820457
634     -6.836732
637     -7.474976
640     -8.325650
643     -7.267313
646     -7.166907
649     -8.384700
652     -6.857216
655     -8.270879
658     -8.094228
661     -6.048183
664     -6.652363
667     -8.348932
670     -7.534576
673     -7.231494
676     -7.468675
679     -7.604223
682     -7.046057
685     -8.098733
688     -7.952115
691     -8.251287
694     -7.655401
697     -7.130881
700     -7.477945
703     -7.415700
706     -8.293263
709     -7.674422
712     -7.843851
715     -7.242502
718     -6.166307
721     -8.214316
724     -7.196226
727     -7.745877
730     -7.613198
733     -8.655234
736     -7.329796
739     -8.323503
742     -7.380811
745     -7.154416
748     -9.129477
751     -7.751971
754     -6.724739
757     -7.760342
760     -8.220572
763     -7.373751
766     -7.696332
769     -7.762824
772     -7.320538
775     -8.434347
778     -8.260250
781     -7.181696
784     -8.734627
787     -7.556549
790     -6.831524
793     -8.390128
796     -6.187001
799     -7.974600
802     -7.825881
805     -6.639214
808     -6.925794
811     -7.662762
814     -7.453596
817     -8.222362
820     -8.519577
823     -7.624258
826     -6.852489
829     -7.572695
832     -6.323120
835     -7.543853
838     -8.029803
841     -8.228632
844     -8.060474
847     -8.073572
850     -6.908519
853     -6.122755
856     -8.649383
859     -7.126027
862     -6.620014
865     -8.748845
868     -6.755939
871     -7.214385
874     -7.753815
877     -6.485485
880     -8.775490
883     -9.529597
886     -7.716996
889     -6.524061
892     -7.755998
895     -6.103169
898     -7.145144
901     -9.440508
904     -8.002632
907     -7.702719
910     -8.694380
913     -8.320112
916     -6.740831
919     -8.168141
922     -7.247044
925     -7.228566
928     -7.520385
931     -7.440593
934     -6.254329
937     -9.567570
940     -6.728613
943     -7.442313
946     -8.239642
949     -6.344473
952     -6.846723
955     -9.504232
958     -7.233024
961     -7.250806
964     -8.209489
967     -7.037707
970     -6.987109
973     -7.850576
976     -8.810169
979     -8.190156
982     -7.917863
985     -6.353469
988     -7.109493
991     -8.739464
994     -7.588792
997     -6.449321
1000    -8.151345
1003    -7.006635
1006    -6.596353
1009    -7.570710
1012    -7.023070
1015    -7.503948
1018   -10.007038
1021    -6.772465
1024    -6.944491
1027    -7.713405
1030    -6.822828
1033    -7.203134
1036    -8.005126
1039    -6.935003
1042    -6.861520
1045    -8.894830
1048    -8.944395
1051    -6.296217
1054    -8.055507
1057    -7.221555
1060    -6.655253
1063    -8.855605
1066    -7.630907
1069    -7.078884
1072    -9.260014
1075    -7.467935
1078    -7.853049
1081    -8.904141
1084    -7.108290
1087    -6.719911
1090    -7.242133
1093    -6.957066
1096    -7.698939
1099    -9.165750
1102   -13.407549
1105    -5.978885
1108    -9.228713
1111    -6.991713
1114    -6.809142
1117    -8.286667
1120    -6.743158
1123    -7.051316
1126    -7.543380
1129    -6.755317
1132    -7.365519
1135    -7.801553
1138    -6.734090
1141    -7.811217
1144    -9.403889
1147    -5.988531
1150    -8.316695
1153    -7.057888
1156    -3.717078
1159    -3.491341
1162    -3.987045
1165    -3.083960
1168   -12.477869
1171    -9.515700

min_z
2       -8.216119
5       -9.309288
8       -7.146695
11      -7.407420
14      -8.219364
17      -8.268907
20      -7.695377
23      -7.871230
26      -7.953661
29      -8.928385
32      -6.912774
35      -6.162192
38      -7.730687
41      -6.208482
44      -7.819574
47      -8.883903
50      -6.535766
53      -6.950156
56      -7.779479
59      -7.560979
62      -6.259775
65      -7.458906
68      -7.050766
71      -7.072971
74      -8.324420
77      -7.336356
80      -6.960258
83      -7.868107
86      -7.787265
89      -6.399464
92      -8.037265
95      -6.653848
98      -6.434676
101     -7.953721
104     -6.982619
107     -6.442655
110     -8.258649
113     -7.778485
116     -7.369978
119     -8.701289
122     -6.532433
125     -7.014837
128     -8.546234
131     -7.512928
134     -7.694292
137     -8.381334
140     -7.207587
143     -7.082240
146     -8.006565
149     -8.530348
152     -6.916829
155     -8.026618
158     -8.158253
161    -10.004318
164     -7.547566
167     -8.142433
170     -5.923948
173     -7.246708
176     -7.145624
179     -6.371395
182     -7.986044
185     -7.927934
188     -7.383809
191     -8.636389
194     -6.972809
197     -7.600267
200     -8.103016
203     -6.590771
206     -6.824825
209     -7.688111
212     -6.526165
215     -7.504795
218     -8.222479
221     -6.817879
224     -8.090883
227     -7.688885
230     -8.179982
233     -7.952508
236     -8.755095
239     -8.006380
242     -6.526065
245     -8.958207
248     -8.144992
251     -9.082241
254     -8.509439
257     -6.903732
260     -6.735934
263     -8.152641
266     -6.581578
269     -8.238965
272     -9.092393
275     -7.413049
278     -9.454638
281     -8.424804
284     -6.521988
287     -6.579777
290     -7.653993
293     -7.414176
296     -7.601841
299     -8.458839
302     -7.587370
305     -7.335228
308    -20.596677
311     -7.532078
314     -8.497372
317     -7.910681
320     -6.780030
323     -6.940085
326     -8.572310
329     -6.652905
332     -6.326649
335     -7.337052
338     -7.213236
341     -7.106355
344     -9.221819
347     -6.885259
350     -7.431453
353     -8.448189
356     -8.936900
359     -8.798147
362     -9.138588
365    -10.190134
368     -7.274481
371     -8.241824
374     -7.894093
377     -6.886533
380     -8.263759
383     -8.146342
386     -6.566242
389    -10.242418
392     -8.654385
395     -6.724522
398     -9.747722
401     -6.780995
404     -6.766056
407     -7.203990
410     -7.758836
413     -7.915309
416     -7.704720
419     -6.619980
422     -6.712344
425     -7.451359
428     -6.907972
431     -6.650746
434     -7.590685
437     -7.117574
440     -6.537958
443     -7.612548
446     -7.369784
449     -6.543005
452     -8.269236
455     -7.167928
458     -8.378627
461     -9.035340
464     -6.873519
467     -6.391350
470     -8.098324
473     -6.642331
476     -7.403761
479     -8.790506
482     -6.452805
485     -7.864543
488     -7.761832
491     -7.734504
494     -8.206962
497     -8.553460
500     -7.141845
503     -6.615236
506     -8.345759
509     -6.966439
512     -7.505543
515     -8.389143
518    -10.043130
521     -8.026889
524     -7.909142
527     -6.969603
530     -7.555121
533     -7.940150
536     -7.852938
539     -6.843036
542     -7.799186
545     -6.558089
548     -6.798981
551    -10.441598
554     -8.636091
557     -8.212366
560     -8.670609
563     -8.160440
566     -7.066322
569     -8.645079
572     -7.302086
575     -9.200806
578     -9.108399
581     -8.363340
584     -7.009881
587     -7.839578
590     -7.168246
593     -6.716430
596     -8.015217
599     -7.421532
602     -6.419549
605     -7.614287
608     -7.944120
611     -6.887259
614     -7.363903
617     -9.504364
620     -7.889322
623     -8.162987
626     -6.326446
629     -6.357840
632     -8.643771
635     -6.778001
638     -7.904682
641     -7.709789
644     -7.661599
647     -7.305050
650     -7.192324
653     -8.517852
656     -8.414792
659     -8.231565
662     -6.845511
665     -7.806859
668     -8.146957
671     -6.995365
674     -7.318051
677     -8.508778
680     -8.020518
683     -6.162896
686     -8.423297
689     -7.862833
692     -6.274913
695     -8.639582
698     -8.515742
701     -6.243389
704     -8.777836
707     -7.634626
710     -6.356034
713     -8.158088
716     -7.309696
719     -7.254803
722     -9.488542
725     -6.836461
728     -6.343868
731     -7.545193
734     -7.703035
737     -6.913438
740     -7.942041
743     -8.781616
746     -6.793201
749     -7.759679
752     -6.702770
755     -6.999759
758     -9.005561
761     -6.280242
764     -6.253047
767     -8.318720
770     -7.731771
773     -6.765761
776     -8.197526
779     -7.363729
782     -7.301313
785     -9.043143
788     -6.782524
791     -6.712597
794     -8.340041
797     -6.894776
800     -7.444562
803     -8.591532
806     -7.477244
809     -8.455750
812     -7.534863
815     -7.352540
818     -6.955661
821     -9.867791
824     -7.138616
827     -8.244070
830     -7.844067
833     -8.269151
836     -7.212213
839     -7.580295
842     -7.041680
845     -7.150590
848    -10.601812
851     -6.924817
854     -8.074468
857     -7.597405
860     -7.506628
863     -6.651339
866     -8.408193
869     -6.976729
872     -7.284425
875     -8.404339
878     -6.831192
881     -7.133336
884     -8.681100
887     -9.568506
890     -6.848307
893     -8.640661
896     -6.756523
899     -7.877061
902     -7.924252
905     -7.570344
908     -8.057449
911     -7.478093
914     -7.740374
917     -7.789217
920     -7.756468
923     -7.235621
926     -5.614419
929     -8.018184
932     -8.485772
935     -7.598920
938     -7.698056
941     -9.251272
944     -6.829816
947     -7.537445
950     -7.492628
953     -6.888848
956     -8.338878
959     -7.722620
962     -6.793487
965     -8.393331
968     -6.144692
971     -6.525133
974     -8.015340
977     -6.758265
980     -6.845316
983     -7.894630
986     -7.160018
989     -7.272101
992     -7.715394
995     -6.027202
998     -8.606982
1001    -8.827858
1004    -6.431173
1007    -7.176270
1010    -9.221835
1013    -7.090020
1016    -6.584436
1019    -8.601441
1022    -6.599432
1025    -6.816322
1028    -8.852562
1031    -6.740572
1034    -7.605214
1037    -8.800292
1040    -7.441316
1043    -7.559860
1046    -8.379673
1049    -7.355933
1052    -6.987487
1055    -7.831188
1058    -7.704045
1061    -6.896730
1064    -7.405027
1067    -6.858440
1070    -7.627874
1073    -8.563971
1076    -6.421285
1079    -7.803441
1082    -8.016790
1085    -8.339159
1088    -7.888936
1091    -8.472854
1094    -7.296542
1097    -7.304509
1100    -7.745789
1103    -7.612935
1106    -7.031381
1109    -8.887945
1112    -8.423089
1115    -8.276579
1118    -7.559271
1121    -7.842290
1124    -6.450425
1127    -8.076421
1130    -8.140484
1133    -8.618658
1136    -8.557770
1139    -7.162599
1142    -8.180246
1145    -7.796387
1148    -6.870426
1151    -7.195713
1154    -9.998717
1157    -4.245380
1160    -5.405781
1163    -6.729041
1166    -2.407767
1169    -7.627777
1172    -9.037614

